,time,Q_out,Q_target,CV_in,Q_out_history_0,Q_out_history_1,Q_out_history_2,Q_out_history_3,Q_out_history_4,Q_out_history_5,Q_out_history_6,Q_out_history_7,Q_out_history_8,Q_out_history_9,Q_out_history_10,Q_out_history_11,Q_out_history_12,Q_out_history_13,Q_out_history_14,Q_out_history_15,Q_out_history_16,Q_out_history_17,Q_out_history_18,Q_out_history_19,Q_out_history_20,Q_out_history_21,Q_out_history_22,Q_out_history_23,Q_out_history_24,CV_in_history_0,CV_in_history_1,CV_in_history_2,CV_in_history_3,CV_in_history_4,CV_in_history_5,CV_in_history_6,CV_in_history_7,CV_in_history_8,CV_in_history_9,CV_in_history_10,CV_in_history_11,CV_in_history_12,CV_in_history_13,CV_in_history_14,CV_in_history_15,CV_in_history_16,CV_in_history_17,CV_in_history_18,CV_in_history_19,CV_in_history_20,CV_in_history_21,CV_in_history_22,CV_in_history_23,CV_in_history_24
0,2015-09-05 00:00:00,93.210754,80.0,-0.12797984,93.210754,93.210754,93.210754,93.210754,93.210754,93.210754,93.210754,93.210754,93.210754,93.210754,93.210754,93.210754,93.210754,93.210754,93.210754,93.210754,93.210754,93.210754,93.210754,93.210754,93.210754,93.210754,93.210754,93.210754,93.210754,0.0,0.0,0.0,0.0,0.0,0.0,0.0,0.0,0.0,0.0,0.0,0.0,0.0,0.0,0.0,0.0,0.0,0.0,0.0,0.0,0.0,0.0,0.0,0.0,0.0
1,2015-09-05 00:00:01,93.210754,80.0,-0.12797984,93.210754,93.210754,93.210754,93.210754,93.210754,93.210754,93.210754,93.210754,93.210754,93.210754,93.210754,93.210754,93.210754,93.210754,93.210754,93.210754,93.210754,93.210754,93.210754,93.210754,93.210754,93.210754,93.210754,93.210754,93.210754,-0.12797984,0.0,0.0,0.0,0.0,0.0,0.0,0.0,0.0,0.0,0.0,0.0,0.0,0.0,0.0,0.0,0.0,0.0,0.0,0.0,0.0,0.0,0.0,0.0,0.0
2,2015-09-05 00:00:02,93.210754,80.0,-0.12797984,93.210754,93.210754,93.210754,93.210754,93.210754,93.210754,93.210754,93.210754,93.210754,93.210754,93.210754,93.210754,93.210754,93.210754,93.210754,93.210754,93.210754,93.210754,93.210754,93.210754,93.210754,93.210754,93.210754,93.210754,93.210754,-0.12797984,-0.12797984,0.0,0.0,0.0,0.0,0.0,0.0,0.0,0.0,0.0,0.0,0.0,0.0,0.0,0.0,0.0,0.0,0.0,0.0,0.0,0.0,0.0,0.0,0.0
3,2015-09-05 00:00:03,93.210754,80.0,-0.12797984,93.210754,93.210754,93.210754,93.210754,93.210754,93.210754,93.210754,93.210754,93.210754,93.210754,93.210754,93.210754,93.210754,93.210754,93.210754,93.210754,93.210754,93.210754,93.210754,93.210754,93.210754,93.210754,93.210754,93.210754,93.210754,-0.12797984,-0.12797984,-0.12797984,0.0,0.0,0.0,0.0,0.0,0.0,0.0,0.0,0.0,0.0,0.0,0.0,0.0,0.0,0.0,0.0,0.0,0.0,0.0,0.0,0.0,0.0
4,2015-09-05 00:00:04,93.210754,80.0,-0.12797984,93.210754,93.210754,93.210754,93.210754,93.210754,93.210754,93.210754,93.210754,93.210754,93.210754,93.210754,93.210754,93.210754,93.210754,93.210754,93.210754,93.210754,93.210754,93.210754,93.210754,93.210754,93.210754,93.210754,93.210754,93.210754,-0.12797984,-0.12797984,-0.12797984,-0.12797984,0.0,0.0,0.0,0.0,0.0,0.0,0.0,0.0,0.0,0.0,0.0,0.0,0.0,0.0,0.0,0.0,0.0,0.0,0.0,0.0,0.0
5,2015-09-05 00:00:05,93.210754,80.0,-0.12797984,93.210754,93.210754,93.210754,93.210754,93.210754,93.210754,93.210754,93.210754,93.210754,93.210754,93.210754,93.210754,93.210754,93.210754,93.210754,93.210754,93.210754,93.210754,93.210754,93.210754,93.210754,93.210754,93.210754,93.210754,93.210754,-0.12797984,-0.12797984,-0.12797984,-0.12797984,-0.12797984,0.0,0.0,0.0,0.0,0.0,0.0,0.0,0.0,0.0,0.0,0.0,0.0,0.0,0.0,0.0,0.0,0.0,0.0,0.0,0.0
6,2015-09-05 00:00:06,93.210754,80.0,-0.12797984,93.210754,93.210754,93.210754,93.210754,93.210754,93.210754,93.210754,93.210754,93.210754,93.210754,93.210754,93.210754,93.210754,93.210754,93.210754,93.210754,93.210754,93.210754,93.210754,93.210754,93.210754,93.210754,93.210754,93.210754,93.210754,-0.12797984,-0.12797984,-0.12797984,-0.12797984,-0.12797984,-0.12797984,0.0,0.0,0.0,0.0,0.0,0.0,0.0,0.0,0.0,0.0,0.0,0.0,0.0,0.0,0.0,0.0,0.0,0.0,0.0
7,2015-09-05 00:00:07,93.210754,80.0,-0.12797984,93.210754,93.210754,93.210754,93.210754,93.210754,93.210754,93.210754,93.210754,93.210754,93.210754,93.210754,93.210754,93.210754,93.210754,93.210754,93.210754,93.210754,93.210754,93.210754,93.210754,93.210754,93.210754,93.210754,93.210754,93.210754,-0.12797984,-0.12797984,-0.12797984,-0.12797984,-0.12797984,-0.12797984,-0.12797984,0.0,0.0,0.0,0.0,0.0,0.0,0.0,0.0,0.0,0.0,0.0,0.0,0.0,0.0,0.0,0.0,0.0,0.0
8,2015-09-05 00:00:08,93.210754,80.0,-0.12797984,93.210754,93.210754,93.210754,93.210754,93.210754,93.210754,93.210754,93.210754,93.210754,93.210754,93.210754,93.210754,93.210754,93.210754,93.210754,93.210754,93.210754,93.210754,93.210754,93.210754,93.210754,93.210754,93.210754,93.210754,93.210754,-0.12797984,-0.12797984,-0.12797984,-0.12797984,-0.12797984,-0.12797984,-0.12797984,-0.12797984,0.0,0.0,0.0,0.0,0.0,0.0,0.0,0.0,0.0,0.0,0.0,0.0,0.0,0.0,0.0,0.0,0.0
9,2015-09-05 00:00:09,93.210754,80.0,-0.12797984,93.210754,93.210754,93.210754,93.210754,93.210754,93.210754,93.210754,93.210754,93.210754,93.210754,93.210754,93.210754,93.210754,93.210754,93.210754,93.210754,93.210754,93.210754,93.210754,93.210754,93.210754,93.210754,93.210754,93.210754,93.210754,-0.12797984,-0.12797984,-0.12797984,-0.12797984,-0.12797984,-0.12797984,-0.12797984,-0.12797984,-0.12797984,0.0,0.0,0.0,0.0,0.0,0.0,0.0,0.0,0.0,0.0,0.0,0.0,0.0,0.0,0.0,0.0
10,2015-09-05 00:00:10,93.210754,80.0,-0.12797984,93.210754,93.210754,93.210754,93.210754,93.210754,93.210754,93.210754,93.210754,93.210754,93.210754,93.210754,93.210754,93.210754,93.210754,93.210754,93.210754,93.210754,93.210754,93.210754,93.210754,93.210754,93.210754,93.210754,93.210754,93.210754,-0.12797984,-0.12797984,-0.12797984,-0.12797984,-0.12797984,-0.12797984,-0.12797984,-0.12797984,-0.12797984,-0.12797984,0.0,0.0,0.0,0.0,0.0,0.0,0.0,0.0,0.0,0.0,0.0,0.0,0.0,0.0,0.0
11,2015-09-05 00:00:11,93.210754,80.0,-0.12797984,93.210754,93.210754,93.210754,93.210754,93.210754,93.210754,93.210754,93.210754,93.210754,93.210754,93.210754,93.210754,93.210754,93.210754,93.210754,93.210754,93.210754,93.210754,93.210754,93.210754,93.210754,93.210754,93.210754,93.210754,93.210754,-0.12797984,-0.12797984,-0.12797984,-0.12797984,-0.12797984,-0.12797984,-0.12797984,-0.12797984,-0.12797984,-0.12797984,-0.12797984,0.0,0.0,0.0,0.0,0.0,0.0,0.0,0.0,0.0,0.0,0.0,0.0,0.0,0.0
12,2015-09-05 00:00:12,93.210754,80.0,-0.12797984,93.210754,93.210754,93.210754,93.210754,93.210754,93.210754,93.210754,93.210754,93.210754,93.210754,93.210754,93.210754,93.210754,93.210754,93.210754,93.210754,93.210754,93.210754,93.210754,93.210754,93.210754,93.210754,93.210754,93.210754,93.210754,-0.12797984,-0.12797984,-0.12797984,-0.12797984,-0.12797984,-0.12797984,-0.12797984,-0.12797984,-0.12797984,-0.12797984,-0.12797984,-0.12797984,0.0,0.0,0.0,0.0,0.0,0.0,0.0,0.0,0.0,0.0,0.0,0.0,0.0
13,2015-09-05 00:00:13,93.210754,80.0,-0.12797984,93.210754,93.210754,93.210754,93.210754,93.210754,93.210754,93.210754,93.210754,93.210754,93.210754,93.210754,93.210754,93.210754,93.210754,93.210754,93.210754,93.210754,93.210754,93.210754,93.210754,93.210754,93.210754,93.210754,93.210754,93.210754,-0.12797984,-0.12797984,-0.12797984,-0.12797984,-0.12797984,-0.12797984,-0.12797984,-0.12797984,-0.12797984,-0.12797984,-0.12797984,-0.12797984,-0.12797984,0.0,0.0,0.0,0.0,0.0,0.0,0.0,0.0,0.0,0.0,0.0,0.0
14,2015-09-05 00:00:14,93.210754,80.0,-0.12797984,93.210754,93.210754,93.210754,93.210754,93.210754,93.210754,93.210754,93.210754,93.210754,93.210754,93.210754,93.210754,93.210754,93.210754,93.210754,93.210754,93.210754,93.210754,93.210754,93.210754,93.210754,93.210754,93.210754,93.210754,93.210754,-0.12797984,-0.12797984,-0.12797984,-0.12797984,-0.12797984,-0.12797984,-0.12797984,-0.12797984,-0.12797984,-0.12797984,-0.12797984,-0.12797984,-0.12797984,-0.12797984,0.0,0.0,0.0,0.0,0.0,0.0,0.0,0.0,0.0,0.0,0.0
15,2015-09-05 00:00:15,93.210754,80.0,-0.12797984,93.210754,93.210754,93.210754,93.210754,93.210754,93.210754,93.210754,93.210754,93.210754,93.210754,93.210754,93.210754,93.210754,93.210754,93.210754,93.210754,93.210754,93.210754,93.210754,93.210754,93.210754,93.210754,93.210754,93.210754,93.210754,-0.12797984,-0.12797984,-0.12797984,-0.12797984,-0.12797984,-0.12797984,-0.12797984,-0.12797984,-0.12797984,-0.12797984,-0.12797984,-0.12797984,-0.12797984,-0.12797984,-0.12797984,0.0,0.0,0.0,0.0,0.0,0.0,0.0,0.0,0.0,0.0
16,2015-09-05 00:00:16,93.210754,80.0,-0.12797984,93.210754,93.210754,93.210754,93.210754,93.210754,93.210754,93.210754,93.210754,93.210754,93.210754,93.210754,93.210754,93.210754,93.210754,93.210754,93.210754,93.210754,93.210754,93.210754,93.210754,93.210754,93.210754,93.210754,93.210754,93.210754,-0.12797984,-0.12797984,-0.12797984,-0.12797984,-0.12797984,-0.12797984,-0.12797984,-0.12797984,-0.12797984,-0.12797984,-0.12797984,-0.12797984,-0.12797984,-0.12797984,-0.12797984,-0.12797984,0.0,0.0,0.0,0.0,0.0,0.0,0.0,0.0,0.0
17,2015-09-05 00:00:17,93.210754,80.0,-0.12797984,93.210754,93.210754,93.210754,93.210754,93.210754,93.210754,93.210754,93.210754,93.210754,93.210754,93.210754,93.210754,93.210754,93.210754,93.210754,93.210754,93.210754,93.210754,93.210754,93.210754,93.210754,93.210754,93.210754,93.210754,93.210754,-0.12797984,-0.12797984,-0.12797984,-0.12797984,-0.12797984,-0.12797984,-0.12797984,-0.12797984,-0.12797984,-0.12797984,-0.12797984,-0.12797984,-0.12797984,-0.12797984,-0.12797984,-0.12797984,-0.12797984,0.0,0.0,0.0,0.0,0.0,0.0,0.0,0.0
18,2015-09-05 00:00:18,93.210754,80.0,-0.12797984,93.210754,93.210754,93.210754,93.210754,93.210754,93.210754,93.210754,93.210754,93.210754,93.210754,93.210754,93.210754,93.210754,93.210754,93.210754,93.210754,93.210754,93.210754,93.210754,93.210754,93.210754,93.210754,93.210754,93.210754,93.210754,-0.12797984,-0.12797984,-0.12797984,-0.12797984,-0.12797984,-0.12797984,-0.12797984,-0.12797984,-0.12797984,-0.12797984,-0.12797984,-0.12797984,-0.12797984,-0.12797984,-0.12797984,-0.12797984,-0.12797984,-0.12797984,0.0,0.0,0.0,0.0,0.0,0.0,0.0
19,2015-09-05 00:00:19,93.210754,80.0,-0.12797984,93.210754,93.210754,93.210754,93.210754,93.210754,93.210754,93.210754,93.210754,93.210754,93.210754,93.210754,93.210754,93.210754,93.210754,93.210754,93.210754,93.210754,93.210754,93.210754,93.210754,93.210754,93.210754,93.210754,93.210754,93.210754,-0.12797984,-0.12797984,-0.12797984,-0.12797984,-0.12797984,-0.12797984,-0.12797984,-0.12797984,-0.12797984,-0.12797984,-0.12797984,-0.12797984,-0.12797984,-0.12797984,-0.12797984,-0.12797984,-0.12797984,-0.12797984,-0.12797984,0.0,0.0,0.0,0.0,0.0,0.0
20,2015-09-05 00:00:20,93.08277,80.0,-0.12797984,93.210754,93.210754,93.210754,93.210754,93.210754,93.210754,93.210754,93.210754,93.210754,93.210754,93.210754,93.210754,93.210754,93.210754,93.210754,93.210754,93.210754,93.210754,93.210754,93.210754,93.210754,93.210754,93.210754,93.210754,93.210754,-0.12797984,-0.12797984,-0.12797984,-0.12797984,-0.12797984,-0.12797984,-0.12797984,-0.12797984,-0.12797984,-0.12797984,-0.12797984,-0.12797984,-0.12797984,-0.12797984,-0.12797984,-0.12797984,-0.12797984,-0.12797984,-0.12797984,-0.12797984,0.0,0.0,0.0,0.0,0.0
21,2015-09-05 00:00:21,92.95479,80.0,-0.12797984,93.08277,93.210754,93.210754,93.210754,93.210754,93.210754,93.210754,93.210754,93.210754,93.210754,93.210754,93.210754,93.210754,93.210754,93.210754,93.210754,93.210754,93.210754,93.210754,93.210754,93.210754,93.210754,93.210754,93.210754,93.210754,-0.12797984,-0.12797984,-0.12797984,-0.12797984,-0.12797984,-0.12797984,-0.12797984,-0.12797984,-0.12797984,-0.12797984,-0.12797984,-0.12797984,-0.12797984,-0.12797984,-0.12797984,-0.12797984,-0.12797984,-0.12797984,-0.12797984,-0.12797984,-0.12797984,0.0,0.0,0.0,0.0
22,2015-09-05 00:00:22,92.826805,80.0,-0.12797984,92.95479,93.08277,93.210754,93.210754,93.210754,93.210754,93.210754,93.210754,93.210754,93.210754,93.210754,93.210754,93.210754,93.210754,93.210754,93.210754,93.210754,93.210754,93.210754,93.210754,93.210754,93.210754,93.210754,93.210754,93.210754,-0.12797984,-0.12797984,-0.12797984,-0.12797984,-0.12797984,-0.12797984,-0.12797984,-0.12797984,-0.12797984,-0.12797984,-0.12797984,-0.12797984,-0.12797984,-0.12797984,-0.12797984,-0.12797984,-0.12797984,-0.12797984,-0.12797984,-0.12797984,-0.12797984,-0.12797984,0.0,0.0,0.0
23,2015-09-05 00:00:23,92.69882,80.0,-0.12797984,92.826805,92.95479,93.08277,93.210754,93.210754,93.210754,93.210754,93.210754,93.210754,93.210754,93.210754,93.210754,93.210754,93.210754,93.210754,93.210754,93.210754,93.210754,93.210754,93.210754,93.210754,93.210754,93.210754,93.210754,93.210754,-0.12797984,-0.12797984,-0.12797984,-0.12797984,-0.12797984,-0.12797984,-0.12797984,-0.12797984,-0.12797984,-0.12797984,-0.12797984,-0.12797984,-0.12797984,-0.12797984,-0.12797984,-0.12797984,-0.12797984,-0.12797984,-0.12797984,-0.12797984,-0.12797984,-0.12797984,-0.12797984,0.0,0.0
24,2015-09-05 00:00:24,92.57084,80.0,-0.12797984,92.69882,92.826805,92.95479,93.08277,93.210754,93.210754,93.210754,93.210754,93.210754,93.210754,93.210754,93.210754,93.210754,93.210754,93.210754,93.210754,93.210754,93.210754,93.210754,93.210754,93.210754,93.210754,93.210754,93.210754,93.210754,-0.12797984,-0.12797984,-0.12797984,-0.12797984,-0.12797984,-0.12797984,-0.12797984,-0.12797984,-0.12797984,-0.12797984,-0.12797984,-0.12797984,-0.12797984,-0.12797984,-0.12797984,-0.12797984,-0.12797984,-0.12797984,-0.12797984,-0.12797984,-0.12797984,-0.12797984,-0.12797984,-0.12797984,0.0
25,2015-09-05 00:00:25,92.442856,80.0,-0.12797984,92.57084,92.69882,92.826805,92.95479,93.08277,93.210754,93.210754,93.210754,93.210754,93.210754,93.210754,93.210754,93.210754,93.210754,93.210754,93.210754,93.210754,93.210754,93.210754,93.210754,93.210754,93.210754,93.210754,93.210754,93.210754,-0.12797984,-0.12797984,-0.12797984,-0.12797984,-0.12797984,-0.12797984,-0.12797984,-0.12797984,-0.12797984,-0.12797984,-0.12797984,-0.12797984,-0.12797984,-0.12797984,-0.12797984,-0.12797984,-0.12797984,-0.12797984,-0.12797984,-0.12797984,-0.12797984,-0.12797984,-0.12797984,-0.12797984,-0.12797984
26,2015-09-05 00:00:26,92.31487,80.0,-0.12797984,92.442856,92.57084,92.69882,92.826805,92.95479,93.08277,93.210754,93.210754,93.210754,93.210754,93.210754,93.210754,93.210754,93.210754,93.210754,93.210754,93.210754,93.210754,93.210754,93.210754,93.210754,93.210754,93.210754,93.210754,93.210754,-0.12797984,-0.12797984,-0.12797984,-0.12797984,-0.12797984,-0.12797984,-0.12797984,-0.12797984,-0.12797984,-0.12797984,-0.12797984,-0.12797984,-0.12797984,-0.12797984,-0.12797984,-0.12797984,-0.12797984,-0.12797984,-0.12797984,-0.12797984,-0.12797984,-0.12797984,-0.12797984,-0.12797984,-0.12797984
27,2015-09-05 00:00:27,92.18689,80.0,-0.12797984,92.31487,92.442856,92.57084,92.69882,92.826805,92.95479,93.08277,93.210754,93.210754,93.210754,93.210754,93.210754,93.210754,93.210754,93.210754,93.210754,93.210754,93.210754,93.210754,93.210754,93.210754,93.210754,93.210754,93.210754,93.210754,-0.12797984,-0.12797984,-0.12797984,-0.12797984,-0.12797984,-0.12797984,-0.12797984,-0.12797984,-0.12797984,-0.12797984,-0.12797984,-0.12797984,-0.12797984,-0.12797984,-0.12797984,-0.12797984,-0.12797984,-0.12797984,-0.12797984,-0.12797984,-0.12797984,-0.12797984,-0.12797984,-0.12797984,-0.12797984
28,2015-09-05 00:00:28,92.05891,80.0,-0.12797984,92.18689,92.31487,92.442856,92.57084,92.69882,92.826805,92.95479,93.08277,93.210754,93.210754,93.210754,93.210754,93.210754,93.210754,93.210754,93.210754,93.210754,93.210754,93.210754,93.210754,93.210754,93.210754,93.210754,93.210754,93.210754,-0.12797984,-0.12797984,-0.12797984,-0.12797984,-0.12797984,-0.12797984,-0.12797984,-0.12797984,-0.12797984,-0.12797984,-0.12797984,-0.12797984,-0.12797984,-0.12797984,-0.12797984,-0.12797984,-0.12797984,-0.12797984,-0.12797984,-0.12797984,-0.12797984,-0.12797984,-0.12797984,-0.12797984,-0.12797984
29,2015-09-05 00:00:29,91.93092,80.0,-0.12797984,92.05891,92.18689,92.31487,92.442856,92.57084,92.69882,92.826805,92.95479,93.08277,93.210754,93.210754,93.210754,93.210754,93.210754,93.210754,93.210754,93.210754,93.210754,93.210754,93.210754,93.210754,93.210754,93.210754,93.210754,93.210754,-0.12797984,-0.12797984,-0.12797984,-0.12797984,-0.12797984,-0.12797984,-0.12797984,-0.12797984,-0.12797984,-0.12797984,-0.12797984,-0.12797984,-0.12797984,-0.12797984,-0.12797984,-0.12797984,-0.12797984,-0.12797984,-0.12797984,-0.12797984,-0.12797984,-0.12797984,-0.12797984,-0.12797984,-0.12797984
30,2015-09-05 00:00:30,91.80294,80.0,-0.12797984,91.93092,92.05891,92.18689,92.31487,92.442856,92.57084,92.69882,92.826805,92.95479,93.08277,93.210754,93.210754,93.210754,93.210754,93.210754,93.210754,93.210754,93.210754,93.210754,93.210754,93.210754,93.210754,93.210754,93.210754,93.210754,-0.12797984,-0.12797984,-0.12797984,-0.12797984,-0.12797984,-0.12797984,-0.12797984,-0.12797984,-0.12797984,-0.12797984,-0.12797984,-0.12797984,-0.12797984,-0.12797984,-0.12797984,-0.12797984,-0.12797984,-0.12797984,-0.12797984,-0.12797984,-0.12797984,-0.12797984,-0.12797984,-0.12797984,-0.12797984
31,2015-09-05 00:00:31,91.67496,80.0,-0.12797984,91.80294,91.93092,92.05891,92.18689,92.31487,92.442856,92.57084,92.69882,92.826805,92.95479,93.08277,93.210754,93.210754,93.210754,93.210754,93.210754,93.210754,93.210754,93.210754,93.210754,93.210754,93.210754,93.210754,93.210754,93.210754,-0.12797984,-0.12797984,-0.12797984,-0.12797984,-0.12797984,-0.12797984,-0.12797984,-0.12797984,-0.12797984,-0.12797984,-0.12797984,-0.12797984,-0.12797984,-0.12797984,-0.12797984,-0.12797984,-0.12797984,-0.12797984,-0.12797984,-0.12797984,-0.12797984,-0.12797984,-0.12797984,-0.12797984,-0.12797984
32,2015-09-05 00:00:32,91.546974,80.0,-0.12797984,91.67496,91.80294,91.93092,92.05891,92.18689,92.31487,92.442856,92.57084,92.69882,92.826805,92.95479,93.08277,93.210754,93.210754,93.210754,93.210754,93.210754,93.210754,93.210754,93.210754,93.210754,93.210754,93.210754,93.210754,93.210754,-0.12797984,-0.12797984,-0.12797984,-0.12797984,-0.12797984,-0.12797984,-0.12797984,-0.12797984,-0.12797984,-0.12797984,-0.12797984,-0.12797984,-0.12797984,-0.12797984,-0.12797984,-0.12797984,-0.12797984,-0.12797984,-0.12797984,-0.12797984,-0.12797984,-0.12797984,-0.12797984,-0.12797984,-0.12797984
33,2015-09-05 00:00:33,91.41899,80.0,-0.12797984,91.546974,91.67496,91.80294,91.93092,92.05891,92.18689,92.31487,92.442856,92.57084,92.69882,92.826805,92.95479,93.08277,93.210754,93.210754,93.210754,93.210754,93.210754,93.210754,93.210754,93.210754,93.210754,93.210754,93.210754,93.210754,-0.12797984,-0.12797984,-0.12797984,-0.12797984,-0.12797984,-0.12797984,-0.12797984,-0.12797984,-0.12797984,-0.12797984,-0.12797984,-0.12797984,-0.12797984,-0.12797984,-0.12797984,-0.12797984,-0.12797984,-0.12797984,-0.12797984,-0.12797984,-0.12797984,-0.12797984,-0.12797984,-0.12797984,-0.12797984
34,2015-09-05 00:00:34,91.29101,80.0,-0.12797984,91.41899,91.546974,91.67496,91.80294,91.93092,92.05891,92.18689,92.31487,92.442856,92.57084,92.69882,92.826805,92.95479,93.08277,93.210754,93.210754,93.210754,93.210754,93.210754,93.210754,93.210754,93.210754,93.210754,93.210754,93.210754,-0.12797984,-0.12797984,-0.12797984,-0.12797984,-0.12797984,-0.12797984,-0.12797984,-0.12797984,-0.12797984,-0.12797984,-0.12797984,-0.12797984,-0.12797984,-0.12797984,-0.12797984,-0.12797984,-0.12797984,-0.12797984,-0.12797984,-0.12797984,-0.12797984,-0.12797984,-0.12797984,-0.12797984,-0.12797984
35,2015-09-05 00:00:35,91.163025,80.0,-0.12797984,91.29101,91.41899,91.546974,91.67496,91.80294,91.93092,92.05891,92.18689,92.31487,92.442856,92.57084,92.69882,92.826805,92.95479,93.08277,93.210754,93.210754,93.210754,93.210754,93.210754,93.210754,93.210754,93.210754,93.210754,93.210754,-0.12797984,-0.12797984,-0.12797984,-0.12797984,-0.12797984,-0.12797984,-0.12797984,-0.12797984,-0.12797984,-0.12797984,-0.12797984,-0.12797984,-0.12797984,-0.12797984,-0.12797984,-0.12797984,-0.12797984,-0.12797984,-0.12797984,-0.12797984,-0.12797984,-0.12797984,-0.12797984,-0.12797984,-0.12797984
36,2015-09-05 00:00:36,91.03504,80.0,-0.12797984,91.163025,91.29101,91.41899,91.546974,91.67496,91.80294,91.93092,92.05891,92.18689,92.31487,92.442856,92.57084,92.69882,92.826805,92.95479,93.08277,93.210754,93.210754,93.210754,93.210754,93.210754,93.210754,93.210754,93.210754,93.210754,-0.12797984,-0.12797984,-0.12797984,-0.12797984,-0.12797984,-0.12797984,-0.12797984,-0.12797984,-0.12797984,-0.12797984,-0.12797984,-0.12797984,-0.12797984,-0.12797984,-0.12797984,-0.12797984,-0.12797984,-0.12797984,-0.12797984,-0.12797984,-0.12797984,-0.12797984,-0.12797984,-0.12797984,-0.12797984
37,2015-09-05 00:00:37,90.90706,80.0,-0.12797984,91.03504,91.163025,91.29101,91.41899,91.546974,91.67496,91.80294,91.93092,92.05891,92.18689,92.31487,92.442856,92.57084,92.69882,92.826805,92.95479,93.08277,93.210754,93.210754,93.210754,93.210754,93.210754,93.210754,93.210754,93.210754,-0.12797984,-0.12797984,-0.12797984,-0.12797984,-0.12797984,-0.12797984,-0.12797984,-0.12797984,-0.12797984,-0.12797984,-0.12797984,-0.12797984,-0.12797984,-0.12797984,-0.12797984,-0.12797984,-0.12797984,-0.12797984,-0.12797984,-0.12797984,-0.12797984,-0.12797984,-0.12797984,-0.12797984,-0.12797984
38,2015-09-05 00:00:38,90.779076,80.0,-0.12797984,90.90706,91.03504,91.163025,91.29101,91.41899,91.546974,91.67496,91.80294,91.93092,92.05891,92.18689,92.31487,92.442856,92.57084,92.69882,92.826805,92.95479,93.08277,93.210754,93.210754,93.210754,93.210754,93.210754,93.210754,93.210754,-0.12797984,-0.12797984,-0.12797984,-0.12797984,-0.12797984,-0.12797984,-0.12797984,-0.12797984,-0.12797984,-0.12797984,-0.12797984,-0.12797984,-0.12797984,-0.12797984,-0.12797984,-0.12797984,-0.12797984,-0.12797984,-0.12797984,-0.12797984,-0.12797984,-0.12797984,-0.12797984,-0.12797984,-0.12797984
39,2015-09-05 00:00:39,90.65109,80.0,-0.12797984,90.779076,90.90706,91.03504,91.163025,91.29101,91.41899,91.546974,91.67496,91.80294,91.93092,92.05891,92.18689,92.31487,92.442856,92.57084,92.69882,92.826805,92.95479,93.08277,93.210754,93.210754,93.210754,93.210754,93.210754,93.210754,-0.12797984,-0.12797984,-0.12797984,-0.12797984,-0.12797984,-0.12797984,-0.12797984,-0.12797984,-0.12797984,-0.12797984,-0.12797984,-0.12797984,-0.12797984,-0.12797984,-0.12797984,-0.12797984,-0.12797984,-0.12797984,-0.12797984,-0.12797984,-0.12797984,-0.12797984,-0.12797984,-0.12797984,-0.12797984
40,2015-09-05 00:00:40,90.52311,80.0,-0.12797984,90.65109,90.779076,90.90706,91.03504,91.163025,91.29101,91.41899,91.546974,91.67496,91.80294,91.93092,92.05891,92.18689,92.31487,92.442856,92.57084,92.69882,92.826805,92.95479,93.08277,93.210754,93.210754,93.210754,93.210754,93.210754,-0.12797984,-0.12797984,-0.12797984,-0.12797984,-0.12797984,-0.12797984,-0.12797984,-0.12797984,-0.12797984,-0.12797984,-0.12797984,-0.12797984,-0.12797984,-0.12797984,-0.12797984,-0.12797984,-0.12797984,-0.12797984,-0.12797984,-0.12797984,-0.12797984,-0.12797984,-0.12797984,-0.12797984,-0.12797984
41,2015-09-05 00:00:41,90.39513,80.0,-0.12797984,90.52311,90.65109,90.779076,90.90706,91.03504,91.163025,91.29101,91.41899,91.546974,91.67496,91.80294,91.93092,92.05891,92.18689,92.31487,92.442856,92.57084,92.69882,92.826805,92.95479,93.08277,93.210754,93.210754,93.210754,93.210754,-0.12797984,-0.12797984,-0.12797984,-0.12797984,-0.12797984,-0.12797984,-0.12797984,-0.12797984,-0.12797984,-0.12797984,-0.12797984,-0.12797984,-0.12797984,-0.12797984,-0.12797984,-0.12797984,-0.12797984,-0.12797984,-0.12797984,-0.12797984,-0.12797984,-0.12797984,-0.12797984,-0.12797984,-0.12797984
42,2015-09-05 00:00:42,90.26714,80.0,-0.12797984,90.39513,90.52311,90.65109,90.779076,90.90706,91.03504,91.163025,91.29101,91.41899,91.546974,91.67496,91.80294,91.93092,92.05891,92.18689,92.31487,92.442856,92.57084,92.69882,92.826805,92.95479,93.08277,93.210754,93.210754,93.210754,-0.12797984,-0.12797984,-0.12797984,-0.12797984,-0.12797984,-0.12797984,-0.12797984,-0.12797984,-0.12797984,-0.12797984,-0.12797984,-0.12797984,-0.12797984,-0.12797984,-0.12797984,-0.12797984,-0.12797984,-0.12797984,-0.12797984,-0.12797984,-0.12797984,-0.12797984,-0.12797984,-0.12797984,-0.12797984
43,2015-09-05 00:00:43,90.13916,80.0,-0.12797984,90.26714,90.39513,90.52311,90.65109,90.779076,90.90706,91.03504,91.163025,91.29101,91.41899,91.546974,91.67496,91.80294,91.93092,92.05891,92.18689,92.31487,92.442856,92.57084,92.69882,92.826805,92.95479,93.08277,93.210754,93.210754,-0.12797984,-0.12797984,-0.12797984,-0.12797984,-0.12797984,-0.12797984,-0.12797984,-0.12797984,-0.12797984,-0.12797984,-0.12797984,-0.12797984,-0.12797984,-0.12797984,-0.12797984,-0.12797984,-0.12797984,-0.12797984,-0.12797984,-0.12797984,-0.12797984,-0.12797984,-0.12797984,-0.12797984,-0.12797984
44,2015-09-05 00:00:44,90.01118,80.0,-0.12797984,90.13916,90.26714,90.39513,90.52311,90.65109,90.779076,90.90706,91.03504,91.163025,91.29101,91.41899,91.546974,91.67496,91.80294,91.93092,92.05891,92.18689,92.31487,92.442856,92.57084,92.69882,92.826805,92.95479,93.08277,93.210754,-0.12797984,-0.12797984,-0.12797984,-0.12797984,-0.12797984,-0.12797984,-0.12797984,-0.12797984,-0.12797984,-0.12797984,-0.12797984,-0.12797984,-0.12797984,-0.12797984,-0.12797984,-0.12797984,-0.12797984,-0.12797984,-0.12797984,-0.12797984,-0.12797984,-0.12797984,-0.12797984,-0.12797984,-0.12797984
45,2015-09-05 00:00:45,89.883194,80.0,-0.12797984,90.01118,90.13916,90.26714,90.39513,90.52311,90.65109,90.779076,90.90706,91.03504,91.163025,91.29101,91.41899,91.546974,91.67496,91.80294,91.93092,92.05891,92.18689,92.31487,92.442856,92.57084,92.69882,92.826805,92.95479,93.08277,-0.12797984,-0.12797984,-0.12797984,-0.12797984,-0.12797984,-0.12797984,-0.12797984,-0.12797984,-0.12797984,-0.12797984,-0.12797984,-0.12797984,-0.12797984,-0.12797984,-0.12797984,-0.12797984,-0.12797984,-0.12797984,-0.12797984,-0.12797984,-0.12797984,-0.12797984,-0.12797984,-0.12797984,-0.12797984
46,2015-09-05 00:00:46,89.75521,80.0,-0.12797984,89.883194,90.01118,90.13916,90.26714,90.39513,90.52311,90.65109,90.779076,90.90706,91.03504,91.163025,91.29101,91.41899,91.546974,91.67496,91.80294,91.93092,92.05891,92.18689,92.31487,92.442856,92.57084,92.69882,92.826805,92.95479,-0.12797984,-0.12797984,-0.12797984,-0.12797984,-0.12797984,-0.12797984,-0.12797984,-0.12797984,-0.12797984,-0.12797984,-0.12797984,-0.12797984,-0.12797984,-0.12797984,-0.12797984,-0.12797984,-0.12797984,-0.12797984,-0.12797984,-0.12797984,-0.12797984,-0.12797984,-0.12797984,-0.12797984,-0.12797984
47,2015-09-05 00:00:47,89.62723,80.0,-0.12797984,89.75521,89.883194,90.01118,90.13916,90.26714,90.39513,90.52311,90.65109,90.779076,90.90706,91.03504,91.163025,91.29101,91.41899,91.546974,91.67496,91.80294,91.93092,92.05891,92.18689,92.31487,92.442856,92.57084,92.69882,92.826805,-0.12797984,-0.12797984,-0.12797984,-0.12797984,-0.12797984,-0.12797984,-0.12797984,-0.12797984,-0.12797984,-0.12797984,-0.12797984,-0.12797984,-0.12797984,-0.12797984,-0.12797984,-0.12797984,-0.12797984,-0.12797984,-0.12797984,-0.12797984,-0.12797984,-0.12797984,-0.12797984,-0.12797984,-0.12797984
48,2015-09-05 00:00:48,89.499245,80.0,-0.12797984,89.62723,89.75521,89.883194,90.01118,90.13916,90.26714,90.39513,90.52311,90.65109,90.779076,90.90706,91.03504,91.163025,91.29101,91.41899,91.546974,91.67496,91.80294,91.93092,92.05891,92.18689,92.31487,92.442856,92.57084,92.69882,-0.12797984,-0.12797984,-0.12797984,-0.12797984,-0.12797984,-0.12797984,-0.12797984,-0.12797984,-0.12797984,-0.12797984,-0.12797984,-0.12797984,-0.12797984,-0.12797984,-0.12797984,-0.12797984,-0.12797984,-0.12797984,-0.12797984,-0.12797984,-0.12797984,-0.12797984,-0.12797984,-0.12797984,-0.12797984
49,2015-09-05 00:00:49,89.37126,80.0,-0.12797984,89.499245,89.62723,89.75521,89.883194,90.01118,90.13916,90.26714,90.39513,90.52311,90.65109,90.779076,90.90706,91.03504,91.163025,91.29101,91.41899,91.546974,91.67496,91.80294,91.93092,92.05891,92.18689,92.31487,92.442856,92.57084,-0.12797984,-0.12797984,-0.12797984,-0.12797984,-0.12797984,-0.12797984,-0.12797984,-0.12797984,-0.12797984,-0.12797984,-0.12797984,-0.12797984,-0.12797984,-0.12797984,-0.12797984,-0.12797984,-0.12797984,-0.12797984,-0.12797984,-0.12797984,-0.12797984,-0.12797984,-0.12797984,-0.12797984,-0.12797984
50,2015-09-05 00:00:50,89.24328,80.0,-0.12797984,89.37126,89.499245,89.62723,89.75521,89.883194,90.01118,90.13916,90.26714,90.39513,90.52311,90.65109,90.779076,90.90706,91.03504,91.163025,91.29101,91.41899,91.546974,91.67496,91.80294,91.93092,92.05891,92.18689,92.31487,92.442856,-0.12797984,-0.12797984,-0.12797984,-0.12797984,-0.12797984,-0.12797984,-0.12797984,-0.12797984,-0.12797984,-0.12797984,-0.12797984,-0.12797984,-0.12797984,-0.12797984,-0.12797984,-0.12797984,-0.12797984,-0.12797984,-0.12797984,-0.12797984,-0.12797984,-0.12797984,-0.12797984,-0.12797984,-0.12797984
51,2015-09-05 00:00:51,89.115295,80.0,-0.12797984,89.24328,89.37126,89.499245,89.62723,89.75521,89.883194,90.01118,90.13916,90.26714,90.39513,90.52311,90.65109,90.779076,90.90706,91.03504,91.163025,91.29101,91.41899,91.546974,91.67496,91.80294,91.93092,92.05891,92.18689,92.31487,-0.12797984,-0.12797984,-0.12797984,-0.12797984,-0.12797984,-0.12797984,-0.12797984,-0.12797984,-0.12797984,-0.12797984,-0.12797984,-0.12797984,-0.12797984,-0.12797984,-0.12797984,-0.12797984,-0.12797984,-0.12797984,-0.12797984,-0.12797984,-0.12797984,-0.12797984,-0.12797984,-0.12797984,-0.12797984
52,2015-09-05 00:00:52,88.98731,80.0,-0.12797984,89.115295,89.24328,89.37126,89.499245,89.62723,89.75521,89.883194,90.01118,90.13916,90.26714,90.39513,90.52311,90.65109,90.779076,90.90706,91.03504,91.163025,91.29101,91.41899,91.546974,91.67496,91.80294,91.93092,92.05891,92.18689,-0.12797984,-0.12797984,-0.12797984,-0.12797984,-0.12797984,-0.12797984,-0.12797984,-0.12797984,-0.12797984,-0.12797984,-0.12797984,-0.12797984,-0.12797984,-0.12797984,-0.12797984,-0.12797984,-0.12797984,-0.12797984,-0.12797984,-0.12797984,-0.12797984,-0.12797984,-0.12797984,-0.12797984,-0.12797984
53,2015-09-05 00:00:53,88.85933,80.0,-0.12797984,88.98731,89.115295,89.24328,89.37126,89.499245,89.62723,89.75521,89.883194,90.01118,90.13916,90.26714,90.39513,90.52311,90.65109,90.779076,90.90706,91.03504,91.163025,91.29101,91.41899,91.546974,91.67496,91.80294,91.93092,92.05891,-0.12797984,-0.12797984,-0.12797984,-0.12797984,-0.12797984,-0.12797984,-0.12797984,-0.12797984,-0.12797984,-0.12797984,-0.12797984,-0.12797984,-0.12797984,-0.12797984,-0.12797984,-0.12797984,-0.12797984,-0.12797984,-0.12797984,-0.12797984,-0.12797984,-0.12797984,-0.12797984,-0.12797984,-0.12797984
54,2015-09-05 00:00:54,88.731346,80.0,-0.12797984,88.85933,88.98731,89.115295,89.24328,89.37126,89.499245,89.62723,89.75521,89.883194,90.01118,90.13916,90.26714,90.39513,90.52311,90.65109,90.779076,90.90706,91.03504,91.163025,91.29101,91.41899,91.546974,91.67496,91.80294,91.93092,-0.12797984,-0.12797984,-0.12797984,-0.12797984,-0.12797984,-0.12797984,-0.12797984,-0.12797984,-0.12797984,-0.12797984,-0.12797984,-0.12797984,-0.12797984,-0.12797984,-0.12797984,-0.12797984,-0.12797984,-0.12797984,-0.12797984,-0.12797984,-0.12797984,-0.12797984,-0.12797984,-0.12797984,-0.12797984
55,2015-09-05 00:00:55,88.60336,80.0,-0.12797984,88.731346,88.85933,88.98731,89.115295,89.24328,89.37126,89.499245,89.62723,89.75521,89.883194,90.01118,90.13916,90.26714,90.39513,90.52311,90.65109,90.779076,90.90706,91.03504,91.163025,91.29101,91.41899,91.546974,91.67496,91.80294,-0.12797984,-0.12797984,-0.12797984,-0.12797984,-0.12797984,-0.12797984,-0.12797984,-0.12797984,-0.12797984,-0.12797984,-0.12797984,-0.12797984,-0.12797984,-0.12797984,-0.12797984,-0.12797984,-0.12797984,-0.12797984,-0.12797984,-0.12797984,-0.12797984,-0.12797984,-0.12797984,-0.12797984,-0.12797984
56,2015-09-05 00:00:56,88.47538,80.0,-0.12797984,88.60336,88.731346,88.85933,88.98731,89.115295,89.24328,89.37126,89.499245,89.62723,89.75521,89.883194,90.01118,90.13916,90.26714,90.39513,90.52311,90.65109,90.779076,90.90706,91.03504,91.163025,91.29101,91.41899,91.546974,91.67496,-0.12797984,-0.12797984,-0.12797984,-0.12797984,-0.12797984,-0.12797984,-0.12797984,-0.12797984,-0.12797984,-0.12797984,-0.12797984,-0.12797984,-0.12797984,-0.12797984,-0.12797984,-0.12797984,-0.12797984,-0.12797984,-0.12797984,-0.12797984,-0.12797984,-0.12797984,-0.12797984,-0.12797984,-0.12797984
57,2015-09-05 00:00:57,88.3474,80.0,-0.12797984,88.47538,88.60336,88.731346,88.85933,88.98731,89.115295,89.24328,89.37126,89.499245,89.62723,89.75521,89.883194,90.01118,90.13916,90.26714,90.39513,90.52311,90.65109,90.779076,90.90706,91.03504,91.163025,91.29101,91.41899,91.546974,-0.12797984,-0.12797984,-0.12797984,-0.12797984,-0.12797984,-0.12797984,-0.12797984,-0.12797984,-0.12797984,-0.12797984,-0.12797984,-0.12797984,-0.12797984,-0.12797984,-0.12797984,-0.12797984,-0.12797984,-0.12797984,-0.12797984,-0.12797984,-0.12797984,-0.12797984,-0.12797984,-0.12797984,-0.12797984
58,2015-09-05 00:00:58,88.21941,80.0,-0.12797984,88.3474,88.47538,88.60336,88.731346,88.85933,88.98731,89.115295,89.24328,89.37126,89.499245,89.62723,89.75521,89.883194,90.01118,90.13916,90.26714,90.39513,90.52311,90.65109,90.779076,90.90706,91.03504,91.163025,91.29101,91.41899,-0.12797984,-0.12797984,-0.12797984,-0.12797984,-0.12797984,-0.12797984,-0.12797984,-0.12797984,-0.12797984,-0.12797984,-0.12797984,-0.12797984,-0.12797984,-0.12797984,-0.12797984,-0.12797984,-0.12797984,-0.12797984,-0.12797984,-0.12797984,-0.12797984,-0.12797984,-0.12797984,-0.12797984,-0.12797984
59,2015-09-05 00:00:59,88.09143,80.0,-0.12797984,88.21941,88.3474,88.47538,88.60336,88.731346,88.85933,88.98731,89.115295,89.24328,89.37126,89.499245,89.62723,89.75521,89.883194,90.01118,90.13916,90.26714,90.39513,90.52311,90.65109,90.779076,90.90706,91.03504,91.163025,91.29101,-0.12797984,-0.12797984,-0.12797984,-0.12797984,-0.12797984,-0.12797984,-0.12797984,-0.12797984,-0.12797984,-0.12797984,-0.12797984,-0.12797984,-0.12797984,-0.12797984,-0.12797984,-0.12797984,-0.12797984,-0.12797984,-0.12797984,-0.12797984,-0.12797984,-0.12797984,-0.12797984,-0.12797984,-0.12797984
60,2015-09-05 00:01:00,87.96345,80.0,-0.12797984,88.09143,88.21941,88.3474,88.47538,88.60336,88.731346,88.85933,88.98731,89.115295,89.24328,89.37126,89.499245,89.62723,89.75521,89.883194,90.01118,90.13916,90.26714,90.39513,90.52311,90.65109,90.779076,90.90706,91.03504,91.163025,-0.12797984,-0.12797984,-0.12797984,-0.12797984,-0.12797984,-0.12797984,-0.12797984,-0.12797984,-0.12797984,-0.12797984,-0.12797984,-0.12797984,-0.12797984,-0.12797984,-0.12797984,-0.12797984,-0.12797984,-0.12797984,-0.12797984,-0.12797984,-0.12797984,-0.12797984,-0.12797984,-0.12797984,-0.12797984
61,2015-09-05 00:01:01,87.835464,80.0,-0.12797984,87.96345,88.09143,88.21941,88.3474,88.47538,88.60336,88.731346,88.85933,88.98731,89.115295,89.24328,89.37126,89.499245,89.62723,89.75521,89.883194,90.01118,90.13916,90.26714,90.39513,90.52311,90.65109,90.779076,90.90706,91.03504,-0.12797984,-0.12797984,-0.12797984,-0.12797984,-0.12797984,-0.12797984,-0.12797984,-0.12797984,-0.12797984,-0.12797984,-0.12797984,-0.12797984,-0.12797984,-0.12797984,-0.12797984,-0.12797984,-0.12797984,-0.12797984,-0.12797984,-0.12797984,-0.12797984,-0.12797984,-0.12797984,-0.12797984,-0.12797984
62,2015-09-05 00:01:02,87.70748,80.0,-0.12797984,87.835464,87.96345,88.09143,88.21941,88.3474,88.47538,88.60336,88.731346,88.85933,88.98731,89.115295,89.24328,89.37126,89.499245,89.62723,89.75521,89.883194,90.01118,90.13916,90.26714,90.39513,90.52311,90.65109,90.779076,90.90706,-0.12797984,-0.12797984,-0.12797984,-0.12797984,-0.12797984,-0.12797984,-0.12797984,-0.12797984,-0.12797984,-0.12797984,-0.12797984,-0.12797984,-0.12797984,-0.12797984,-0.12797984,-0.12797984,-0.12797984,-0.12797984,-0.12797984,-0.12797984,-0.12797984,-0.12797984,-0.12797984,-0.12797984,-0.12797984
63,2015-09-05 00:01:03,87.5795,80.0,-0.12797984,87.70748,87.835464,87.96345,88.09143,88.21941,88.3474,88.47538,88.60336,88.731346,88.85933,88.98731,89.115295,89.24328,89.37126,89.499245,89.62723,89.75521,89.883194,90.01118,90.13916,90.26714,90.39513,90.52311,90.65109,90.779076,-0.12797984,-0.12797984,-0.12797984,-0.12797984,-0.12797984,-0.12797984,-0.12797984,-0.12797984,-0.12797984,-0.12797984,-0.12797984,-0.12797984,-0.12797984,-0.12797984,-0.12797984,-0.12797984,-0.12797984,-0.12797984,-0.12797984,-0.12797984,-0.12797984,-0.12797984,-0.12797984,-0.12797984,-0.12797984
64,2015-09-05 00:01:04,87.451515,80.0,-0.12797984,87.5795,87.70748,87.835464,87.96345,88.09143,88.21941,88.3474,88.47538,88.60336,88.731346,88.85933,88.98731,89.115295,89.24328,89.37126,89.499245,89.62723,89.75521,89.883194,90.01118,90.13916,90.26714,90.39513,90.52311,90.65109,-0.12797984,-0.12797984,-0.12797984,-0.12797984,-0.12797984,-0.12797984,-0.12797984,-0.12797984,-0.12797984,-0.12797984,-0.12797984,-0.12797984,-0.12797984,-0.12797984,-0.12797984,-0.12797984,-0.12797984,-0.12797984,-0.12797984,-0.12797984,-0.12797984,-0.12797984,-0.12797984,-0.12797984,-0.12797984
65,2015-09-05 00:01:05,87.32353,80.0,-0.12797984,87.451515,87.5795,87.70748,87.835464,87.96345,88.09143,88.21941,88.3474,88.47538,88.60336,88.731346,88.85933,88.98731,89.115295,89.24328,89.37126,89.499245,89.62723,89.75521,89.883194,90.01118,90.13916,90.26714,90.39513,90.52311,-0.12797984,-0.12797984,-0.12797984,-0.12797984,-0.12797984,-0.12797984,-0.12797984,-0.12797984,-0.12797984,-0.12797984,-0.12797984,-0.12797984,-0.12797984,-0.12797984,-0.12797984,-0.12797984,-0.12797984,-0.12797984,-0.12797984,-0.12797984,-0.12797984,-0.12797984,-0.12797984,-0.12797984,-0.12797984
66,2015-09-05 00:01:06,87.19555,80.0,-0.12797984,87.32353,87.451515,87.5795,87.70748,87.835464,87.96345,88.09143,88.21941,88.3474,88.47538,88.60336,88.731346,88.85933,88.98731,89.115295,89.24328,89.37126,89.499245,89.62723,89.75521,89.883194,90.01118,90.13916,90.26714,90.39513,-0.12797984,-0.12797984,-0.12797984,-0.12797984,-0.12797984,-0.12797984,-0.12797984,-0.12797984,-0.12797984,-0.12797984,-0.12797984,-0.12797984,-0.12797984,-0.12797984,-0.12797984,-0.12797984,-0.12797984,-0.12797984,-0.12797984,-0.12797984,-0.12797984,-0.12797984,-0.12797984,-0.12797984,-0.12797984
67,2015-09-05 00:01:07,87.067566,80.0,-0.12797984,87.19555,87.32353,87.451515,87.5795,87.70748,87.835464,87.96345,88.09143,88.21941,88.3474,88.47538,88.60336,88.731346,88.85933,88.98731,89.115295,89.24328,89.37126,89.499245,89.62723,89.75521,89.883194,90.01118,90.13916,90.26714,-0.12797984,-0.12797984,-0.12797984,-0.12797984,-0.12797984,-0.12797984,-0.12797984,-0.12797984,-0.12797984,-0.12797984,-0.12797984,-0.12797984,-0.12797984,-0.12797984,-0.12797984,-0.12797984,-0.12797984,-0.12797984,-0.12797984,-0.12797984,-0.12797984,-0.12797984,-0.12797984,-0.12797984,-0.12797984
68,2015-09-05 00:01:08,86.93958,80.0,-0.12797984,87.067566,87.19555,87.32353,87.451515,87.5795,87.70748,87.835464,87.96345,88.09143,88.21941,88.3474,88.47538,88.60336,88.731346,88.85933,88.98731,89.115295,89.24328,89.37126,89.499245,89.62723,89.75521,89.883194,90.01118,90.13916,-0.12797984,-0.12797984,-0.12797984,-0.12797984,-0.12797984,-0.12797984,-0.12797984,-0.12797984,-0.12797984,-0.12797984,-0.12797984,-0.12797984,-0.12797984,-0.12797984,-0.12797984,-0.12797984,-0.12797984,-0.12797984,-0.12797984,-0.12797984,-0.12797984,-0.12797984,-0.12797984,-0.12797984,-0.12797984
69,2015-09-05 00:01:09,86.8116,80.0,-0.12797984,86.93958,87.067566,87.19555,87.32353,87.451515,87.5795,87.70748,87.835464,87.96345,88.09143,88.21941,88.3474,88.47538,88.60336,88.731346,88.85933,88.98731,89.115295,89.24328,89.37126,89.499245,89.62723,89.75521,89.883194,90.01118,-0.12797984,-0.12797984,-0.12797984,-0.12797984,-0.12797984,-0.12797984,-0.12797984,-0.12797984,-0.12797984,-0.12797984,-0.12797984,-0.12797984,-0.12797984,-0.12797984,-0.12797984,-0.12797984,-0.12797984,-0.12797984,-0.12797984,-0.12797984,-0.12797984,-0.12797984,-0.12797984,-0.12797984,-0.12797984
70,2015-09-05 00:01:10,86.68362,80.0,-0.12797984,86.8116,86.93958,87.067566,87.19555,87.32353,87.451515,87.5795,87.70748,87.835464,87.96345,88.09143,88.21941,88.3474,88.47538,88.60336,88.731346,88.85933,88.98731,89.115295,89.24328,89.37126,89.499245,89.62723,89.75521,89.883194,-0.12797984,-0.12797984,-0.12797984,-0.12797984,-0.12797984,-0.12797984,-0.12797984,-0.12797984,-0.12797984,-0.12797984,-0.12797984,-0.12797984,-0.12797984,-0.12797984,-0.12797984,-0.12797984,-0.12797984,-0.12797984,-0.12797984,-0.12797984,-0.12797984,-0.12797984,-0.12797984,-0.12797984,-0.12797984
71,2015-09-05 00:01:11,86.55563,80.0,-0.12797984,86.68362,86.8116,86.93958,87.067566,87.19555,87.32353,87.451515,87.5795,87.70748,87.835464,87.96345,88.09143,88.21941,88.3474,88.47538,88.60336,88.731346,88.85933,88.98731,89.115295,89.24328,89.37126,89.499245,89.62723,89.75521,-0.12797984,-0.12797984,-0.12797984,-0.12797984,-0.12797984,-0.12797984,-0.12797984,-0.12797984,-0.12797984,-0.12797984,-0.12797984,-0.12797984,-0.12797984,-0.12797984,-0.12797984,-0.12797984,-0.12797984,-0.12797984,-0.12797984,-0.12797984,-0.12797984,-0.12797984,-0.12797984,-0.12797984,-0.12797984
72,2015-09-05 00:01:12,86.42765,80.0,-0.12797984,86.55563,86.68362,86.8116,86.93958,87.067566,87.19555,87.32353,87.451515,87.5795,87.70748,87.835464,87.96345,88.09143,88.21941,88.3474,88.47538,88.60336,88.731346,88.85933,88.98731,89.115295,89.24328,89.37126,89.499245,89.62723,-0.12797984,-0.12797984,-0.12797984,-0.12797984,-0.12797984,-0.12797984,-0.12797984,-0.12797984,-0.12797984,-0.12797984,-0.12797984,-0.12797984,-0.12797984,-0.12797984,-0.12797984,-0.12797984,-0.12797984,-0.12797984,-0.12797984,-0.12797984,-0.12797984,-0.12797984,-0.12797984,-0.12797984,-0.12797984
73,2015-09-05 00:01:13,86.29967,80.0,-0.12797984,86.42765,86.55563,86.68362,86.8116,86.93958,87.067566,87.19555,87.32353,87.451515,87.5795,87.70748,87.835464,87.96345,88.09143,88.21941,88.3474,88.47538,88.60336,88.731346,88.85933,88.98731,89.115295,89.24328,89.37126,89.499245,-0.12797984,-0.12797984,-0.12797984,-0.12797984,-0.12797984,-0.12797984,-0.12797984,-0.12797984,-0.12797984,-0.12797984,-0.12797984,-0.12797984,-0.12797984,-0.12797984,-0.12797984,-0.12797984,-0.12797984,-0.12797984,-0.12797984,-0.12797984,-0.12797984,-0.12797984,-0.12797984,-0.12797984,-0.12797984
74,2015-09-05 00:01:14,86.171684,80.0,-0.12797984,86.29967,86.42765,86.55563,86.68362,86.8116,86.93958,87.067566,87.19555,87.32353,87.451515,87.5795,87.70748,87.835464,87.96345,88.09143,88.21941,88.3474,88.47538,88.60336,88.731346,88.85933,88.98731,89.115295,89.24328,89.37126,-0.12797984,-0.12797984,-0.12797984,-0.12797984,-0.12797984,-0.12797984,-0.12797984,-0.12797984,-0.12797984,-0.12797984,-0.12797984,-0.12797984,-0.12797984,-0.12797984,-0.12797984,-0.12797984,-0.12797984,-0.12797984,-0.12797984,-0.12797984,-0.12797984,-0.12797984,-0.12797984,-0.12797984,-0.12797984
75,2015-09-05 00:01:15,86.0437,80.0,-0.12797984,86.171684,86.29967,86.42765,86.55563,86.68362,86.8116,86.93958,87.067566,87.19555,87.32353,87.451515,87.5795,87.70748,87.835464,87.96345,88.09143,88.21941,88.3474,88.47538,88.60336,88.731346,88.85933,88.98731,89.115295,89.24328,-0.12797984,-0.12797984,-0.12797984,-0.12797984,-0.12797984,-0.12797984,-0.12797984,-0.12797984,-0.12797984,-0.12797984,-0.12797984,-0.12797984,-0.12797984,-0.12797984,-0.12797984,-0.12797984,-0.12797984,-0.12797984,-0.12797984,-0.12797984,-0.12797984,-0.12797984,-0.12797984,-0.12797984,-0.12797984
76,2015-09-05 00:01:16,85.91572,80.0,-0.12797984,86.0437,86.171684,86.29967,86.42765,86.55563,86.68362,86.8116,86.93958,87.067566,87.19555,87.32353,87.451515,87.5795,87.70748,87.835464,87.96345,88.09143,88.21941,88.3474,88.47538,88.60336,88.731346,88.85933,88.98731,89.115295,-0.12797984,-0.12797984,-0.12797984,-0.12797984,-0.12797984,-0.12797984,-0.12797984,-0.12797984,-0.12797984,-0.12797984,-0.12797984,-0.12797984,-0.12797984,-0.12797984,-0.12797984,-0.12797984,-0.12797984,-0.12797984,-0.12797984,-0.12797984,-0.12797984,-0.12797984,-0.12797984,-0.12797984,-0.12797984
77,2015-09-05 00:01:17,85.787735,80.0,-0.12797984,85.91572,86.0437,86.171684,86.29967,86.42765,86.55563,86.68362,86.8116,86.93958,87.067566,87.19555,87.32353,87.451515,87.5795,87.70748,87.835464,87.96345,88.09143,88.21941,88.3474,88.47538,88.60336,88.731346,88.85933,88.98731,-0.12797984,-0.12797984,-0.12797984,-0.12797984,-0.12797984,-0.12797984,-0.12797984,-0.12797984,-0.12797984,-0.12797984,-0.12797984,-0.12797984,-0.12797984,-0.12797984,-0.12797984,-0.12797984,-0.12797984,-0.12797984,-0.12797984,-0.12797984,-0.12797984,-0.12797984,-0.12797984,-0.12797984,-0.12797984
78,2015-09-05 00:01:18,85.65975,80.0,-0.12797984,85.787735,85.91572,86.0437,86.171684,86.29967,86.42765,86.55563,86.68362,86.8116,86.93958,87.067566,87.19555,87.32353,87.451515,87.5795,87.70748,87.835464,87.96345,88.09143,88.21941,88.3474,88.47538,88.60336,88.731346,88.85933,-0.12797984,-0.12797984,-0.12797984,-0.12797984,-0.12797984,-0.12797984,-0.12797984,-0.12797984,-0.12797984,-0.12797984,-0.12797984,-0.12797984,-0.12797984,-0.12797984,-0.12797984,-0.12797984,-0.12797984,-0.12797984,-0.12797984,-0.12797984,-0.12797984,-0.12797984,-0.12797984,-0.12797984,-0.12797984
79,2015-09-05 00:01:19,85.53177,80.0,-0.12797984,85.65975,85.787735,85.91572,86.0437,86.171684,86.29967,86.42765,86.55563,86.68362,86.8116,86.93958,87.067566,87.19555,87.32353,87.451515,87.5795,87.70748,87.835464,87.96345,88.09143,88.21941,88.3474,88.47538,88.60336,88.731346,-0.12797984,-0.12797984,-0.12797984,-0.12797984,-0.12797984,-0.12797984,-0.12797984,-0.12797984,-0.12797984,-0.12797984,-0.12797984,-0.12797984,-0.12797984,-0.12797984,-0.12797984,-0.12797984,-0.12797984,-0.12797984,-0.12797984,-0.12797984,-0.12797984,-0.12797984,-0.12797984,-0.12797984,-0.12797984
80,2015-09-05 00:01:20,85.403786,80.0,-0.12797984,85.53177,85.65975,85.787735,85.91572,86.0437,86.171684,86.29967,86.42765,86.55563,86.68362,86.8116,86.93958,87.067566,87.19555,87.32353,87.451515,87.5795,87.70748,87.835464,87.96345,88.09143,88.21941,88.3474,88.47538,88.60336,-0.12797984,-0.12797984,-0.12797984,-0.12797984,-0.12797984,-0.12797984,-0.12797984,-0.12797984,-0.12797984,-0.12797984,-0.12797984,-0.12797984,-0.12797984,-0.12797984,-0.12797984,-0.12797984,-0.12797984,-0.12797984,-0.12797984,-0.12797984,-0.12797984,-0.12797984,-0.12797984,-0.12797984,-0.12797984
81,2015-09-05 00:01:21,85.2758,80.0,-0.12797984,85.403786,85.53177,85.65975,85.787735,85.91572,86.0437,86.171684,86.29967,86.42765,86.55563,86.68362,86.8116,86.93958,87.067566,87.19555,87.32353,87.451515,87.5795,87.70748,87.835464,87.96345,88.09143,88.21941,88.3474,88.47538,-0.12797984,-0.12797984,-0.12797984,-0.12797984,-0.12797984,-0.12797984,-0.12797984,-0.12797984,-0.12797984,-0.12797984,-0.12797984,-0.12797984,-0.12797984,-0.12797984,-0.12797984,-0.12797984,-0.12797984,-0.12797984,-0.12797984,-0.12797984,-0.12797984,-0.12797984,-0.12797984,-0.12797984,-0.12797984
82,2015-09-05 00:01:22,85.14782,80.0,-0.12797984,85.2758,85.403786,85.53177,85.65975,85.787735,85.91572,86.0437,86.171684,86.29967,86.42765,86.55563,86.68362,86.8116,86.93958,87.067566,87.19555,87.32353,87.451515,87.5795,87.70748,87.835464,87.96345,88.09143,88.21941,88.3474,-0.12797984,-0.12797984,-0.12797984,-0.12797984,-0.12797984,-0.12797984,-0.12797984,-0.12797984,-0.12797984,-0.12797984,-0.12797984,-0.12797984,-0.12797984,-0.12797984,-0.12797984,-0.12797984,-0.12797984,-0.12797984,-0.12797984,-0.12797984,-0.12797984,-0.12797984,-0.12797984,-0.12797984,-0.12797984
83,2015-09-05 00:01:23,85.01984,80.0,-0.12797984,85.14782,85.2758,85.403786,85.53177,85.65975,85.787735,85.91572,86.0437,86.171684,86.29967,86.42765,86.55563,86.68362,86.8116,86.93958,87.067566,87.19555,87.32353,87.451515,87.5795,87.70748,87.835464,87.96345,88.09143,88.21941,-0.12797984,-0.12797984,-0.12797984,-0.12797984,-0.12797984,-0.12797984,-0.12797984,-0.12797984,-0.12797984,-0.12797984,-0.12797984,-0.12797984,-0.12797984,-0.12797984,-0.12797984,-0.12797984,-0.12797984,-0.12797984,-0.12797984,-0.12797984,-0.12797984,-0.12797984,-0.12797984,-0.12797984,-0.12797984
84,2015-09-05 00:01:24,84.89185,80.0,-0.12797984,85.01984,85.14782,85.2758,85.403786,85.53177,85.65975,85.787735,85.91572,86.0437,86.171684,86.29967,86.42765,86.55563,86.68362,86.8116,86.93958,87.067566,87.19555,87.32353,87.451515,87.5795,87.70748,87.835464,87.96345,88.09143,-0.12797984,-0.12797984,-0.12797984,-0.12797984,-0.12797984,-0.12797984,-0.12797984,-0.12797984,-0.12797984,-0.12797984,-0.12797984,-0.12797984,-0.12797984,-0.12797984,-0.12797984,-0.12797984,-0.12797984,-0.12797984,-0.12797984,-0.12797984,-0.12797984,-0.12797984,-0.12797984,-0.12797984,-0.12797984
85,2015-09-05 00:01:25,84.76387,80.0,-0.12797984,84.89185,85.01984,85.14782,85.2758,85.403786,85.53177,85.65975,85.787735,85.91572,86.0437,86.171684,86.29967,86.42765,86.55563,86.68362,86.8116,86.93958,87.067566,87.19555,87.32353,87.451515,87.5795,87.70748,87.835464,87.96345,-0.12797984,-0.12797984,-0.12797984,-0.12797984,-0.12797984,-0.12797984,-0.12797984,-0.12797984,-0.12797984,-0.12797984,-0.12797984,-0.12797984,-0.12797984,-0.12797984,-0.12797984,-0.12797984,-0.12797984,-0.12797984,-0.12797984,-0.12797984,-0.12797984,-0.12797984,-0.12797984,-0.12797984,-0.12797984
86,2015-09-05 00:01:26,84.63589,80.0,-0.12797984,84.76387,84.89185,85.01984,85.14782,85.2758,85.403786,85.53177,85.65975,85.787735,85.91572,86.0437,86.171684,86.29967,86.42765,86.55563,86.68362,86.8116,86.93958,87.067566,87.19555,87.32353,87.451515,87.5795,87.70748,87.835464,-0.12797984,-0.12797984,-0.12797984,-0.12797984,-0.12797984,-0.12797984,-0.12797984,-0.12797984,-0.12797984,-0.12797984,-0.12797984,-0.12797984,-0.12797984,-0.12797984,-0.12797984,-0.12797984,-0.12797984,-0.12797984,-0.12797984,-0.12797984,-0.12797984,-0.12797984,-0.12797984,-0.12797984,-0.12797984
87,2015-09-05 00:01:27,84.507904,80.0,-0.12797984,84.63589,84.76387,84.89185,85.01984,85.14782,85.2758,85.403786,85.53177,85.65975,85.787735,85.91572,86.0437,86.171684,86.29967,86.42765,86.55563,86.68362,86.8116,86.93958,87.067566,87.19555,87.32353,87.451515,87.5795,87.70748,-0.12797984,-0.12797984,-0.12797984,-0.12797984,-0.12797984,-0.12797984,-0.12797984,-0.12797984,-0.12797984,-0.12797984,-0.12797984,-0.12797984,-0.12797984,-0.12797984,-0.12797984,-0.12797984,-0.12797984,-0.12797984,-0.12797984,-0.12797984,-0.12797984,-0.12797984,-0.12797984,-0.12797984,-0.12797984
88,2015-09-05 00:01:28,84.37992,80.0,-0.12797984,84.507904,84.63589,84.76387,84.89185,85.01984,85.14782,85.2758,85.403786,85.53177,85.65975,85.787735,85.91572,86.0437,86.171684,86.29967,86.42765,86.55563,86.68362,86.8116,86.93958,87.067566,87.19555,87.32353,87.451515,87.5795,-0.12797984,-0.12797984,-0.12797984,-0.12797984,-0.12797984,-0.12797984,-0.12797984,-0.12797984,-0.12797984,-0.12797984,-0.12797984,-0.12797984,-0.12797984,-0.12797984,-0.12797984,-0.12797984,-0.12797984,-0.12797984,-0.12797984,-0.12797984,-0.12797984,-0.12797984,-0.12797984,-0.12797984,-0.12797984
89,2015-09-05 00:01:29,84.25194,80.0,-0.12797984,84.37992,84.507904,84.63589,84.76387,84.89185,85.01984,85.14782,85.2758,85.403786,85.53177,85.65975,85.787735,85.91572,86.0437,86.171684,86.29967,86.42765,86.55563,86.68362,86.8116,86.93958,87.067566,87.19555,87.32353,87.451515,-0.12797984,-0.12797984,-0.12797984,-0.12797984,-0.12797984,-0.12797984,-0.12797984,-0.12797984,-0.12797984,-0.12797984,-0.12797984,-0.12797984,-0.12797984,-0.12797984,-0.12797984,-0.12797984,-0.12797984,-0.12797984,-0.12797984,-0.12797984,-0.12797984,-0.12797984,-0.12797984,-0.12797984,-0.12797984
90,2015-09-05 00:01:30,84.123955,80.0,-0.12797984,84.25194,84.37992,84.507904,84.63589,84.76387,84.89185,85.01984,85.14782,85.2758,85.403786,85.53177,85.65975,85.787735,85.91572,86.0437,86.171684,86.29967,86.42765,86.55563,86.68362,86.8116,86.93958,87.067566,87.19555,87.32353,-0.12797984,-0.12797984,-0.12797984,-0.12797984,-0.12797984,-0.12797984,-0.12797984,-0.12797984,-0.12797984,-0.12797984,-0.12797984,-0.12797984,-0.12797984,-0.12797984,-0.12797984,-0.12797984,-0.12797984,-0.12797984,-0.12797984,-0.12797984,-0.12797984,-0.12797984,-0.12797984,-0.12797984,-0.12797984
91,2015-09-05 00:01:31,83.99597,80.0,-0.12797984,84.123955,84.25194,84.37992,84.507904,84.63589,84.76387,84.89185,85.01984,85.14782,85.2758,85.403786,85.53177,85.65975,85.787735,85.91572,86.0437,86.171684,86.29967,86.42765,86.55563,86.68362,86.8116,86.93958,87.067566,87.19555,-0.12797984,-0.12797984,-0.12797984,-0.12797984,-0.12797984,-0.12797984,-0.12797984,-0.12797984,-0.12797984,-0.12797984,-0.12797984,-0.12797984,-0.12797984,-0.12797984,-0.12797984,-0.12797984,-0.12797984,-0.12797984,-0.12797984,-0.12797984,-0.12797984,-0.12797984,-0.12797984,-0.12797984,-0.12797984
92,2015-09-05 00:01:32,83.86799,80.0,-0.12797984,83.99597,84.123955,84.25194,84.37992,84.507904,84.63589,84.76387,84.89185,85.01984,85.14782,85.2758,85.403786,85.53177,85.65975,85.787735,85.91572,86.0437,86.171684,86.29967,86.42765,86.55563,86.68362,86.8116,86.93958,87.067566,-0.12797984,-0.12797984,-0.12797984,-0.12797984,-0.12797984,-0.12797984,-0.12797984,-0.12797984,-0.12797984,-0.12797984,-0.12797984,-0.12797984,-0.12797984,-0.12797984,-0.12797984,-0.12797984,-0.12797984,-0.12797984,-0.12797984,-0.12797984,-0.12797984,-0.12797984,-0.12797984,-0.12797984,-0.12797984
93,2015-09-05 00:01:33,83.740005,80.0,-0.12797984,83.86799,83.99597,84.123955,84.25194,84.37992,84.507904,84.63589,84.76387,84.89185,85.01984,85.14782,85.2758,85.403786,85.53177,85.65975,85.787735,85.91572,86.0437,86.171684,86.29967,86.42765,86.55563,86.68362,86.8116,86.93958,-0.12797984,-0.12797984,-0.12797984,-0.12797984,-0.12797984,-0.12797984,-0.12797984,-0.12797984,-0.12797984,-0.12797984,-0.12797984,-0.12797984,-0.12797984,-0.12797984,-0.12797984,-0.12797984,-0.12797984,-0.12797984,-0.12797984,-0.12797984,-0.12797984,-0.12797984,-0.12797984,-0.12797984,-0.12797984
94,2015-09-05 00:01:34,83.61202,80.0,-0.12797984,83.740005,83.86799,83.99597,84.123955,84.25194,84.37992,84.507904,84.63589,84.76387,84.89185,85.01984,85.14782,85.2758,85.403786,85.53177,85.65975,85.787735,85.91572,86.0437,86.171684,86.29967,86.42765,86.55563,86.68362,86.8116,-0.12797984,-0.12797984,-0.12797984,-0.12797984,-0.12797984,-0.12797984,-0.12797984,-0.12797984,-0.12797984,-0.12797984,-0.12797984,-0.12797984,-0.12797984,-0.12797984,-0.12797984,-0.12797984,-0.12797984,-0.12797984,-0.12797984,-0.12797984,-0.12797984,-0.12797984,-0.12797984,-0.12797984,-0.12797984
95,2015-09-05 00:01:35,83.48404,80.0,-0.12797984,83.61202,83.740005,83.86799,83.99597,84.123955,84.25194,84.37992,84.507904,84.63589,84.76387,84.89185,85.01984,85.14782,85.2758,85.403786,85.53177,85.65975,85.787735,85.91572,86.0437,86.171684,86.29967,86.42765,86.55563,86.68362,-0.12797984,-0.12797984,-0.12797984,-0.12797984,-0.12797984,-0.12797984,-0.12797984,-0.12797984,-0.12797984,-0.12797984,-0.12797984,-0.12797984,-0.12797984,-0.12797984,-0.12797984,-0.12797984,-0.12797984,-0.12797984,-0.12797984,-0.12797984,-0.12797984,-0.12797984,-0.12797984,-0.12797984,-0.12797984
96,2015-09-05 00:01:36,83.35606,80.0,-0.12797984,83.48404,83.61202,83.740005,83.86799,83.99597,84.123955,84.25194,84.37992,84.507904,84.63589,84.76387,84.89185,85.01984,85.14782,85.2758,85.403786,85.53177,85.65975,85.787735,85.91572,86.0437,86.171684,86.29967,86.42765,86.55563,-0.12797984,-0.12797984,-0.12797984,-0.12797984,-0.12797984,-0.12797984,-0.12797984,-0.12797984,-0.12797984,-0.12797984,-0.12797984,-0.12797984,-0.12797984,-0.12797984,-0.12797984,-0.12797984,-0.12797984,-0.12797984,-0.12797984,-0.12797984,-0.12797984,-0.12797984,-0.12797984,-0.12797984,-0.12797984
97,2015-09-05 00:01:37,83.22807,80.0,-0.12797984,83.35606,83.48404,83.61202,83.740005,83.86799,83.99597,84.123955,84.25194,84.37992,84.507904,84.63589,84.76387,84.89185,85.01984,85.14782,85.2758,85.403786,85.53177,85.65975,85.787735,85.91572,86.0437,86.171684,86.29967,86.42765,-0.12797984,-0.12797984,-0.12797984,-0.12797984,-0.12797984,-0.12797984,-0.12797984,-0.12797984,-0.12797984,-0.12797984,-0.12797984,-0.12797984,-0.12797984,-0.12797984,-0.12797984,-0.12797984,-0.12797984,-0.12797984,-0.12797984,-0.12797984,-0.12797984,-0.12797984,-0.12797984,-0.12797984,-0.12797984
98,2015-09-05 00:01:38,83.10009,80.0,-0.12797984,83.22807,83.35606,83.48404,83.61202,83.740005,83.86799,83.99597,84.123955,84.25194,84.37992,84.507904,84.63589,84.76387,84.89185,85.01984,85.14782,85.2758,85.403786,85.53177,85.65975,85.787735,85.91572,86.0437,86.171684,86.29967,-0.12797984,-0.12797984,-0.12797984,-0.12797984,-0.12797984,-0.12797984,-0.12797984,-0.12797984,-0.12797984,-0.12797984,-0.12797984,-0.12797984,-0.12797984,-0.12797984,-0.12797984,-0.12797984,-0.12797984,-0.12797984,-0.12797984,-0.12797984,-0.12797984,-0.12797984,-0.12797984,-0.12797984,-0.12797984
99,2015-09-05 00:01:39,82.97211,80.0,-0.12797984,83.10009,83.22807,83.35606,83.48404,83.61202,83.740005,83.86799,83.99597,84.123955,84.25194,84.37992,84.507904,84.63589,84.76387,84.89185,85.01984,85.14782,85.2758,85.403786,85.53177,85.65975,85.787735,85.91572,86.0437,86.171684,-0.12797984,-0.12797984,-0.12797984,-0.12797984,-0.12797984,-0.12797984,-0.12797984,-0.12797984,-0.12797984,-0.12797984,-0.12797984,-0.12797984,-0.12797984,-0.12797984,-0.12797984,-0.12797984,-0.12797984,-0.12797984,-0.12797984,-0.12797984,-0.12797984,-0.12797984,-0.12797984,-0.12797984,-0.12797984
100,2015-09-05 00:01:40,82.844124,80.0,-0.12797984,82.97211,83.10009,83.22807,83.35606,83.48404,83.61202,83.740005,83.86799,83.99597,84.123955,84.25194,84.37992,84.507904,84.63589,84.76387,84.89185,85.01984,85.14782,85.2758,85.403786,85.53177,85.65975,85.787735,85.91572,86.0437,-0.12797984,-0.12797984,-0.12797984,-0.12797984,-0.12797984,-0.12797984,-0.12797984,-0.12797984,-0.12797984,-0.12797984,-0.12797984,-0.12797984,-0.12797984,-0.12797984,-0.12797984,-0.12797984,-0.12797984,-0.12797984,-0.12797984,-0.12797984,-0.12797984,-0.12797984,-0.12797984,-0.12797984,-0.12797984
101,2015-09-05 00:01:41,82.71614,80.0,-0.12797984,82.844124,82.97211,83.10009,83.22807,83.35606,83.48404,83.61202,83.740005,83.86799,83.99597,84.123955,84.25194,84.37992,84.507904,84.63589,84.76387,84.89185,85.01984,85.14782,85.2758,85.403786,85.53177,85.65975,85.787735,85.91572,-0.12797984,-0.12797984,-0.12797984,-0.12797984,-0.12797984,-0.12797984,-0.12797984,-0.12797984,-0.12797984,-0.12797984,-0.12797984,-0.12797984,-0.12797984,-0.12797984,-0.12797984,-0.12797984,-0.12797984,-0.12797984,-0.12797984,-0.12797984,-0.12797984,-0.12797984,-0.12797984,-0.12797984,-0.12797984
102,2015-09-05 00:01:42,82.58816,80.0,-0.12797984,82.71614,82.844124,82.97211,83.10009,83.22807,83.35606,83.48404,83.61202,83.740005,83.86799,83.99597,84.123955,84.25194,84.37992,84.507904,84.63589,84.76387,84.89185,85.01984,85.14782,85.2758,85.403786,85.53177,85.65975,85.787735,-0.12797984,-0.12797984,-0.12797984,-0.12797984,-0.12797984,-0.12797984,-0.12797984,-0.12797984,-0.12797984,-0.12797984,-0.12797984,-0.12797984,-0.12797984,-0.12797984,-0.12797984,-0.12797984,-0.12797984,-0.12797984,-0.12797984,-0.12797984,-0.12797984,-0.12797984,-0.12797984,-0.12797984,-0.12797984
103,2015-09-05 00:01:43,82.460175,80.0,-0.12797984,82.58816,82.71614,82.844124,82.97211,83.10009,83.22807,83.35606,83.48404,83.61202,83.740005,83.86799,83.99597,84.123955,84.25194,84.37992,84.507904,84.63589,84.76387,84.89185,85.01984,85.14782,85.2758,85.403786,85.53177,85.65975,-0.12797984,-0.12797984,-0.12797984,-0.12797984,-0.12797984,-0.12797984,-0.12797984,-0.12797984,-0.12797984,-0.12797984,-0.12797984,-0.12797984,-0.12797984,-0.12797984,-0.12797984,-0.12797984,-0.12797984,-0.12797984,-0.12797984,-0.12797984,-0.12797984,-0.12797984,-0.12797984,-0.12797984,-0.12797984
104,2015-09-05 00:01:44,82.33219,80.0,-0.12797984,82.460175,82.58816,82.71614,82.844124,82.97211,83.10009,83.22807,83.35606,83.48404,83.61202,83.740005,83.86799,83.99597,84.123955,84.25194,84.37992,84.507904,84.63589,84.76387,84.89185,85.01984,85.14782,85.2758,85.403786,85.53177,-0.12797984,-0.12797984,-0.12797984,-0.12797984,-0.12797984,-0.12797984,-0.12797984,-0.12797984,-0.12797984,-0.12797984,-0.12797984,-0.12797984,-0.12797984,-0.12797984,-0.12797984,-0.12797984,-0.12797984,-0.12797984,-0.12797984,-0.12797984,-0.12797984,-0.12797984,-0.12797984,-0.12797984,-0.12797984
105,2015-09-05 00:01:45,82.20421,80.0,-0.12797984,82.33219,82.460175,82.58816,82.71614,82.844124,82.97211,83.10009,83.22807,83.35606,83.48404,83.61202,83.740005,83.86799,83.99597,84.123955,84.25194,84.37992,84.507904,84.63589,84.76387,84.89185,85.01984,85.14782,85.2758,85.403786,-0.12797984,-0.12797984,-0.12797984,-0.12797984,-0.12797984,-0.12797984,-0.12797984,-0.12797984,-0.12797984,-0.12797984,-0.12797984,-0.12797984,-0.12797984,-0.12797984,-0.12797984,-0.12797984,-0.12797984,-0.12797984,-0.12797984,-0.12797984,-0.12797984,-0.12797984,-0.12797984,-0.12797984,-0.12797984
106,2015-09-05 00:01:46,82.076225,80.0,-0.12797984,82.20421,82.33219,82.460175,82.58816,82.71614,82.844124,82.97211,83.10009,83.22807,83.35606,83.48404,83.61202,83.740005,83.86799,83.99597,84.123955,84.25194,84.37992,84.507904,84.63589,84.76387,84.89185,85.01984,85.14782,85.2758,-0.12797984,-0.12797984,-0.12797984,-0.12797984,-0.12797984,-0.12797984,-0.12797984,-0.12797984,-0.12797984,-0.12797984,-0.12797984,-0.12797984,-0.12797984,-0.12797984,-0.12797984,-0.12797984,-0.12797984,-0.12797984,-0.12797984,-0.12797984,-0.12797984,-0.12797984,-0.12797984,-0.12797984,-0.12797984
107,2015-09-05 00:01:47,81.94824,80.0,-0.12797984,82.076225,82.20421,82.33219,82.460175,82.58816,82.71614,82.844124,82.97211,83.10009,83.22807,83.35606,83.48404,83.61202,83.740005,83.86799,83.99597,84.123955,84.25194,84.37992,84.507904,84.63589,84.76387,84.89185,85.01984,85.14782,-0.12797984,-0.12797984,-0.12797984,-0.12797984,-0.12797984,-0.12797984,-0.12797984,-0.12797984,-0.12797984,-0.12797984,-0.12797984,-0.12797984,-0.12797984,-0.12797984,-0.12797984,-0.12797984,-0.12797984,-0.12797984,-0.12797984,-0.12797984,-0.12797984,-0.12797984,-0.12797984,-0.12797984,-0.12797984
108,2015-09-05 00:01:48,81.82026,80.0,-0.12797984,81.94824,82.076225,82.20421,82.33219,82.460175,82.58816,82.71614,82.844124,82.97211,83.10009,83.22807,83.35606,83.48404,83.61202,83.740005,83.86799,83.99597,84.123955,84.25194,84.37992,84.507904,84.63589,84.76387,84.89185,85.01984,-0.12797984,-0.12797984,-0.12797984,-0.12797984,-0.12797984,-0.12797984,-0.12797984,-0.12797984,-0.12797984,-0.12797984,-0.12797984,-0.12797984,-0.12797984,-0.12797984,-0.12797984,-0.12797984,-0.12797984,-0.12797984,-0.12797984,-0.12797984,-0.12797984,-0.12797984,-0.12797984,-0.12797984,-0.12797984
109,2015-09-05 00:01:49,81.692276,80.0,-0.12797984,81.82026,81.94824,82.076225,82.20421,82.33219,82.460175,82.58816,82.71614,82.844124,82.97211,83.10009,83.22807,83.35606,83.48404,83.61202,83.740005,83.86799,83.99597,84.123955,84.25194,84.37992,84.507904,84.63589,84.76387,84.89185,-0.12797984,-0.12797984,-0.12797984,-0.12797984,-0.12797984,-0.12797984,-0.12797984,-0.12797984,-0.12797984,-0.12797984,-0.12797984,-0.12797984,-0.12797984,-0.12797984,-0.12797984,-0.12797984,-0.12797984,-0.12797984,-0.12797984,-0.12797984,-0.12797984,-0.12797984,-0.12797984,-0.12797984,-0.12797984
110,2015-09-05 00:01:50,81.56429,80.0,-0.12797984,81.692276,81.82026,81.94824,82.076225,82.20421,82.33219,82.460175,82.58816,82.71614,82.844124,82.97211,83.10009,83.22807,83.35606,83.48404,83.61202,83.740005,83.86799,83.99597,84.123955,84.25194,84.37992,84.507904,84.63589,84.76387,-0.12797984,-0.12797984,-0.12797984,-0.12797984,-0.12797984,-0.12797984,-0.12797984,-0.12797984,-0.12797984,-0.12797984,-0.12797984,-0.12797984,-0.12797984,-0.12797984,-0.12797984,-0.12797984,-0.12797984,-0.12797984,-0.12797984,-0.12797984,-0.12797984,-0.12797984,-0.12797984,-0.12797984,-0.12797984
111,2015-09-05 00:01:51,81.43631,80.0,-0.12797984,81.56429,81.692276,81.82026,81.94824,82.076225,82.20421,82.33219,82.460175,82.58816,82.71614,82.844124,82.97211,83.10009,83.22807,83.35606,83.48404,83.61202,83.740005,83.86799,83.99597,84.123955,84.25194,84.37992,84.507904,84.63589,-0.12797984,-0.12797984,-0.12797984,-0.12797984,-0.12797984,-0.12797984,-0.12797984,-0.12797984,-0.12797984,-0.12797984,-0.12797984,-0.12797984,-0.12797984,-0.12797984,-0.12797984,-0.12797984,-0.12797984,-0.12797984,-0.12797984,-0.12797984,-0.12797984,-0.12797984,-0.12797984,-0.12797984,-0.12797984
112,2015-09-05 00:01:52,81.30833,80.0,-0.12797984,81.43631,81.56429,81.692276,81.82026,81.94824,82.076225,82.20421,82.33219,82.460175,82.58816,82.71614,82.844124,82.97211,83.10009,83.22807,83.35606,83.48404,83.61202,83.740005,83.86799,83.99597,84.123955,84.25194,84.37992,84.507904,-0.12797984,-0.12797984,-0.12797984,-0.12797984,-0.12797984,-0.12797984,-0.12797984,-0.12797984,-0.12797984,-0.12797984,-0.12797984,-0.12797984,-0.12797984,-0.12797984,-0.12797984,-0.12797984,-0.12797984,-0.12797984,-0.12797984,-0.12797984,-0.12797984,-0.12797984,-0.12797984,-0.12797984,-0.12797984
113,2015-09-05 00:01:53,81.18034,80.0,-0.12797984,81.30833,81.43631,81.56429,81.692276,81.82026,81.94824,82.076225,82.20421,82.33219,82.460175,82.58816,82.71614,82.844124,82.97211,83.10009,83.22807,83.35606,83.48404,83.61202,83.740005,83.86799,83.99597,84.123955,84.25194,84.37992,-0.12797984,-0.12797984,-0.12797984,-0.12797984,-0.12797984,-0.12797984,-0.12797984,-0.12797984,-0.12797984,-0.12797984,-0.12797984,-0.12797984,-0.12797984,-0.12797984,-0.12797984,-0.12797984,-0.12797984,-0.12797984,-0.12797984,-0.12797984,-0.12797984,-0.12797984,-0.12797984,-0.12797984,-0.12797984
114,2015-09-05 00:01:54,81.05236,80.0,-0.12797984,81.18034,81.30833,81.43631,81.56429,81.692276,81.82026,81.94824,82.076225,82.20421,82.33219,82.460175,82.58816,82.71614,82.844124,82.97211,83.10009,83.22807,83.35606,83.48404,83.61202,83.740005,83.86799,83.99597,84.123955,84.25194,-0.12797984,-0.12797984,-0.12797984,-0.12797984,-0.12797984,-0.12797984,-0.12797984,-0.12797984,-0.12797984,-0.12797984,-0.12797984,-0.12797984,-0.12797984,-0.12797984,-0.12797984,-0.12797984,-0.12797984,-0.12797984,-0.12797984,-0.12797984,-0.12797984,-0.12797984,-0.12797984,-0.12797984,-0.12797984
115,2015-09-05 00:01:55,80.92438,80.0,-0.12797984,81.05236,81.18034,81.30833,81.43631,81.56429,81.692276,81.82026,81.94824,82.076225,82.20421,82.33219,82.460175,82.58816,82.71614,82.844124,82.97211,83.10009,83.22807,83.35606,83.48404,83.61202,83.740005,83.86799,83.99597,84.123955,-0.12797984,-0.12797984,-0.12797984,-0.12797984,-0.12797984,-0.12797984,-0.12797984,-0.12797984,-0.12797984,-0.12797984,-0.12797984,-0.12797984,-0.12797984,-0.12797984,-0.12797984,-0.12797984,-0.12797984,-0.12797984,-0.12797984,-0.12797984,-0.12797984,-0.12797984,-0.12797984,-0.12797984,-0.12797984
116,2015-09-05 00:01:56,80.796394,80.0,-0.12797984,80.92438,81.05236,81.18034,81.30833,81.43631,81.56429,81.692276,81.82026,81.94824,82.076225,82.20421,82.33219,82.460175,82.58816,82.71614,82.844124,82.97211,83.10009,83.22807,83.35606,83.48404,83.61202,83.740005,83.86799,83.99597,-0.12797984,-0.12797984,-0.12797984,-0.12797984,-0.12797984,-0.12797984,-0.12797984,-0.12797984,-0.12797984,-0.12797984,-0.12797984,-0.12797984,-0.12797984,-0.12797984,-0.12797984,-0.12797984,-0.12797984,-0.12797984,-0.12797984,-0.12797984,-0.12797984,-0.12797984,-0.12797984,-0.12797984,-0.12797984
117,2015-09-05 00:01:57,80.66841,80.0,-0.12797984,80.796394,80.92438,81.05236,81.18034,81.30833,81.43631,81.56429,81.692276,81.82026,81.94824,82.076225,82.20421,82.33219,82.460175,82.58816,82.71614,82.844124,82.97211,83.10009,83.22807,83.35606,83.48404,83.61202,83.740005,83.86799,-0.12797984,-0.12797984,-0.12797984,-0.12797984,-0.12797984,-0.12797984,-0.12797984,-0.12797984,-0.12797984,-0.12797984,-0.12797984,-0.12797984,-0.12797984,-0.12797984,-0.12797984,-0.12797984,-0.12797984,-0.12797984,-0.12797984,-0.12797984,-0.12797984,-0.12797984,-0.12797984,-0.12797984,-0.12797984
118,2015-09-05 00:01:58,80.54043,80.0,-0.12797984,80.66841,80.796394,80.92438,81.05236,81.18034,81.30833,81.43631,81.56429,81.692276,81.82026,81.94824,82.076225,82.20421,82.33219,82.460175,82.58816,82.71614,82.844124,82.97211,83.10009,83.22807,83.35606,83.48404,83.61202,83.740005,-0.12797984,-0.12797984,-0.12797984,-0.12797984,-0.12797984,-0.12797984,-0.12797984,-0.12797984,-0.12797984,-0.12797984,-0.12797984,-0.12797984,-0.12797984,-0.12797984,-0.12797984,-0.12797984,-0.12797984,-0.12797984,-0.12797984,-0.12797984,-0.12797984,-0.12797984,-0.12797984,-0.12797984,-0.12797984
119,2015-09-05 00:01:59,80.412445,80.0,-0.12797984,80.54043,80.66841,80.796394,80.92438,81.05236,81.18034,81.30833,81.43631,81.56429,81.692276,81.82026,81.94824,82.076225,82.20421,82.33219,82.460175,82.58816,82.71614,82.844124,82.97211,83.10009,83.22807,83.35606,83.48404,83.61202,-0.12797984,-0.12797984,-0.12797984,-0.12797984,-0.12797984,-0.12797984,-0.12797984,-0.12797984,-0.12797984,-0.12797984,-0.12797984,-0.12797984,-0.12797984,-0.12797984,-0.12797984,-0.12797984,-0.12797984,-0.12797984,-0.12797984,-0.12797984,-0.12797984,-0.12797984,-0.12797984,-0.12797984,-0.12797984
120,2015-09-05 00:02:00,80.28446,80.0,-0.12797984,80.412445,80.54043,80.66841,80.796394,80.92438,81.05236,81.18034,81.30833,81.43631,81.56429,81.692276,81.82026,81.94824,82.076225,82.20421,82.33219,82.460175,82.58816,82.71614,82.844124,82.97211,83.10009,83.22807,83.35606,83.48404,-0.12797984,-0.12797984,-0.12797984,-0.12797984,-0.12797984,-0.12797984,-0.12797984,-0.12797984,-0.12797984,-0.12797984,-0.12797984,-0.12797984,-0.12797984,-0.12797984,-0.12797984,-0.12797984,-0.12797984,-0.12797984,-0.12797984,-0.12797984,-0.12797984,-0.12797984,-0.12797984,-0.12797984,-0.12797984
121,2015-09-05 00:02:01,80.15648,80.0,-0.12797984,80.28446,80.412445,80.54043,80.66841,80.796394,80.92438,81.05236,81.18034,81.30833,81.43631,81.56429,81.692276,81.82026,81.94824,82.076225,82.20421,82.33219,82.460175,82.58816,82.71614,82.844124,82.97211,83.10009,83.22807,83.35606,-0.12797984,-0.12797984,-0.12797984,-0.12797984,-0.12797984,-0.12797984,-0.12797984,-0.12797984,-0.12797984,-0.12797984,-0.12797984,-0.12797984,-0.12797984,-0.12797984,-0.12797984,-0.12797984,-0.12797984,-0.12797984,-0.12797984,-0.12797984,-0.12797984,-0.12797984,-0.12797984,-0.12797984,-0.12797984
122,2015-09-05 00:02:02,80.028496,80.0,-0.12797984,80.15648,80.28446,80.412445,80.54043,80.66841,80.796394,80.92438,81.05236,81.18034,81.30833,81.43631,81.56429,81.692276,81.82026,81.94824,82.076225,82.20421,82.33219,82.460175,82.58816,82.71614,82.844124,82.97211,83.10009,83.22807,-0.12797984,-0.12797984,-0.12797984,-0.12797984,-0.12797984,-0.12797984,-0.12797984,-0.12797984,-0.12797984,-0.12797984,-0.12797984,-0.12797984,-0.12797984,-0.12797984,-0.12797984,-0.12797984,-0.12797984,-0.12797984,-0.12797984,-0.12797984,-0.12797984,-0.12797984,-0.12797984,-0.12797984,-0.12797984
123,2015-09-05 00:02:03,79.90051,80.0,-0.12797984,80.028496,80.15648,80.28446,80.412445,80.54043,80.66841,80.796394,80.92438,81.05236,81.18034,81.30833,81.43631,81.56429,81.692276,81.82026,81.94824,82.076225,82.20421,82.33219,82.460175,82.58816,82.71614,82.844124,82.97211,83.10009,-0.12797984,-0.12797984,-0.12797984,-0.12797984,-0.12797984,-0.12797984,-0.12797984,-0.12797984,-0.12797984,-0.12797984,-0.12797984,-0.12797984,-0.12797984,-0.12797984,-0.12797984,-0.12797984,-0.12797984,-0.12797984,-0.12797984,-0.12797984,-0.12797984,-0.12797984,-0.12797984,-0.12797984,-0.12797984
124,2015-09-05 00:02:04,79.77253,80.0,-0.12797984,79.90051,80.028496,80.15648,80.28446,80.412445,80.54043,80.66841,80.796394,80.92438,81.05236,81.18034,81.30833,81.43631,81.56429,81.692276,81.82026,81.94824,82.076225,82.20421,82.33219,82.460175,82.58816,82.71614,82.844124,82.97211,-0.12797984,-0.12797984,-0.12797984,-0.12797984,-0.12797984,-0.12797984,-0.12797984,-0.12797984,-0.12797984,-0.12797984,-0.12797984,-0.12797984,-0.12797984,-0.12797984,-0.12797984,-0.12797984,-0.12797984,-0.12797984,-0.12797984,-0.12797984,-0.12797984,-0.12797984,-0.12797984,-0.12797984,-0.12797984
125,2015-09-05 00:02:05,79.64455,80.0,-0.12797984,79.77253,79.90051,80.028496,80.15648,80.28446,80.412445,80.54043,80.66841,80.796394,80.92438,81.05236,81.18034,81.30833,81.43631,81.56429,81.692276,81.82026,81.94824,82.076225,82.20421,82.33219,82.460175,82.58816,82.71614,82.844124,-0.12797984,-0.12797984,-0.12797984,-0.12797984,-0.12797984,-0.12797984,-0.12797984,-0.12797984,-0.12797984,-0.12797984,-0.12797984,-0.12797984,-0.12797984,-0.12797984,-0.12797984,-0.12797984,-0.12797984,-0.12797984,-0.12797984,-0.12797984,-0.12797984,-0.12797984,-0.12797984,-0.12797984,-0.12797984
126,2015-09-05 00:02:06,79.51656,80.0,-0.12797984,79.64455,79.77253,79.90051,80.028496,80.15648,80.28446,80.412445,80.54043,80.66841,80.796394,80.92438,81.05236,81.18034,81.30833,81.43631,81.56429,81.692276,81.82026,81.94824,82.076225,82.20421,82.33219,82.460175,82.58816,82.71614,-0.12797984,-0.12797984,-0.12797984,-0.12797984,-0.12797984,-0.12797984,-0.12797984,-0.12797984,-0.12797984,-0.12797984,-0.12797984,-0.12797984,-0.12797984,-0.12797984,-0.12797984,-0.12797984,-0.12797984,-0.12797984,-0.12797984,-0.12797984,-0.12797984,-0.12797984,-0.12797984,-0.12797984,-0.12797984
127,2015-09-05 00:02:07,79.38858,80.0,-0.12797984,79.51656,79.64455,79.77253,79.90051,80.028496,80.15648,80.28446,80.412445,80.54043,80.66841,80.796394,80.92438,81.05236,81.18034,81.30833,81.43631,81.56429,81.692276,81.82026,81.94824,82.076225,82.20421,82.33219,82.460175,82.58816,-0.12797984,-0.12797984,-0.12797984,-0.12797984,-0.12797984,-0.12797984,-0.12797984,-0.12797984,-0.12797984,-0.12797984,-0.12797984,-0.12797984,-0.12797984,-0.12797984,-0.12797984,-0.12797984,-0.12797984,-0.12797984,-0.12797984,-0.12797984,-0.12797984,-0.12797984,-0.12797984,-0.12797984,-0.12797984
128,2015-09-05 00:02:08,79.2606,80.0,-0.12797984,79.38858,79.51656,79.64455,79.77253,79.90051,80.028496,80.15648,80.28446,80.412445,80.54043,80.66841,80.796394,80.92438,81.05236,81.18034,81.30833,81.43631,81.56429,81.692276,81.82026,81.94824,82.076225,82.20421,82.33219,82.460175,-0.12797984,-0.12797984,-0.12797984,-0.12797984,-0.12797984,-0.12797984,-0.12797984,-0.12797984,-0.12797984,-0.12797984,-0.12797984,-0.12797984,-0.12797984,-0.12797984,-0.12797984,-0.12797984,-0.12797984,-0.12797984,-0.12797984,-0.12797984,-0.12797984,-0.12797984,-0.12797984,-0.12797984,-0.12797984
129,2015-09-05 00:02:09,79.132614,80.0,-0.12797984,79.2606,79.38858,79.51656,79.64455,79.77253,79.90051,80.028496,80.15648,80.28446,80.412445,80.54043,80.66841,80.796394,80.92438,81.05236,81.18034,81.30833,81.43631,81.56429,81.692276,81.82026,81.94824,82.076225,82.20421,82.33219,-0.12797984,-0.12797984,-0.12797984,-0.12797984,-0.12797984,-0.12797984,-0.12797984,-0.12797984,-0.12797984,-0.12797984,-0.12797984,-0.12797984,-0.12797984,-0.12797984,-0.12797984,-0.12797984,-0.12797984,-0.12797984,-0.12797984,-0.12797984,-0.12797984,-0.12797984,-0.12797984,-0.12797984,-0.12797984
130,2015-09-05 00:02:10,79.00463,80.0,-0.12785801,79.132614,79.2606,79.38858,79.51656,79.64455,79.77253,79.90051,80.028496,80.15648,80.28446,80.412445,80.54043,80.66841,80.796394,80.92438,81.05236,81.18034,81.30833,81.43631,81.56429,81.692276,81.82026,81.94824,82.076225,82.20421,-0.12797984,-0.12797984,-0.12797984,-0.12797984,-0.12797984,-0.12797984,-0.12797984,-0.12797984,-0.12797984,-0.12797984,-0.12797984,-0.12797984,-0.12797984,-0.12797984,-0.12797984,-0.12797984,-0.12797984,-0.12797984,-0.12797984,-0.12797984,-0.12797984,-0.12797984,-0.12797984,-0.12797984,-0.12797984
131,2015-09-05 00:02:11,78.87665,80.0,-0.12718019,79.00463,79.132614,79.2606,79.38858,79.51656,79.64455,79.77253,79.90051,80.028496,80.15648,80.28446,80.412445,80.54043,80.66841,80.796394,80.92438,81.05236,81.18034,81.30833,81.43631,81.56429,81.692276,81.82026,81.94824,82.076225,-0.12785801,-0.12797984,-0.12797984,-0.12797984,-0.12797984,-0.12797984,-0.12797984,-0.12797984,-0.12797984,-0.12797984,-0.12797984,-0.12797984,-0.12797984,-0.12797984,-0.12797984,-0.12797984,-0.12797984,-0.12797984,-0.12797984,-0.12797984,-0.12797984,-0.12797984,-0.12797984,-0.12797984,-0.12797984
132,2015-09-05 00:02:12,78.748665,80.0,-0.12645914,78.87665,79.00463,79.132614,79.2606,79.38858,79.51656,79.64455,79.77253,79.90051,80.028496,80.15648,80.28446,80.412445,80.54043,80.66841,80.796394,80.92438,81.05236,81.18034,81.30833,81.43631,81.56429,81.692276,81.82026,81.94824,-0.12718019,-0.12785801,-0.12797984,-0.12797984,-0.12797984,-0.12797984,-0.12797984,-0.12797984,-0.12797984,-0.12797984,-0.12797984,-0.12797984,-0.12797984,-0.12797984,-0.12797984,-0.12797984,-0.12797984,-0.12797984,-0.12797984,-0.12797984,-0.12797984,-0.12797984,-0.12797984,-0.12797984,-0.12797984
133,2015-09-05 00:02:13,78.62068,80.0,-0.12563062,78.748665,78.87665,79.00463,79.132614,79.2606,79.38858,79.51656,79.64455,79.77253,79.90051,80.028496,80.15648,80.28446,80.412445,80.54043,80.66841,80.796394,80.92438,81.05236,81.18034,81.30833,81.43631,81.56429,81.692276,81.82026,-0.12645914,-0.12718019,-0.12785801,-0.12797984,-0.12797984,-0.12797984,-0.12797984,-0.12797984,-0.12797984,-0.12797984,-0.12797984,-0.12797984,-0.12797984,-0.12797984,-0.12797984,-0.12797984,-0.12797984,-0.12797984,-0.12797984,-0.12797984,-0.12797984,-0.12797984,-0.12797984,-0.12797984,-0.12797984
134,2015-09-05 00:02:14,78.4927,80.0,-0.12467092,78.62068,78.748665,78.87665,79.00463,79.132614,79.2606,79.38858,79.51656,79.64455,79.77253,79.90051,80.028496,80.15648,80.28446,80.412445,80.54043,80.66841,80.796394,80.92438,81.05236,81.18034,81.30833,81.43631,81.56429,81.692276,-0.12563062,-0.12645914,-0.12718019,-0.12785801,-0.12797984,-0.12797984,-0.12797984,-0.12797984,-0.12797984,-0.12797984,-0.12797984,-0.12797984,-0.12797984,-0.12797984,-0.12797984,-0.12797984,-0.12797984,-0.12797984,-0.12797984,-0.12797984,-0.12797984,-0.12797984,-0.12797984,-0.12797984,-0.12797984
135,2015-09-05 00:02:15,78.364716,80.0,-0.12357537,78.4927,78.62068,78.748665,78.87665,79.00463,79.132614,79.2606,79.38858,79.51656,79.64455,79.77253,79.90051,80.028496,80.15648,80.28446,80.412445,80.54043,80.66841,80.796394,80.92438,81.05236,81.18034,81.30833,81.43631,81.56429,-0.12467092,-0.12563062,-0.12645914,-0.12718019,-0.12785801,-0.12797984,-0.12797984,-0.12797984,-0.12797984,-0.12797984,-0.12797984,-0.12797984,-0.12797984,-0.12797984,-0.12797984,-0.12797984,-0.12797984,-0.12797984,-0.12797984,-0.12797984,-0.12797984,-0.12797984,-0.12797984,-0.12797984,-0.12797984
136,2015-09-05 00:02:16,78.23673,80.0,-0.12243255,78.364716,78.4927,78.62068,78.748665,78.87665,79.00463,79.132614,79.2606,79.38858,79.51656,79.64455,79.77253,79.90051,80.028496,80.15648,80.28446,80.412445,80.54043,80.66841,80.796394,80.92438,81.05236,81.18034,81.30833,81.43631,-0.12357537,-0.12467092,-0.12563062,-0.12645914,-0.12718019,-0.12785801,-0.12797984,-0.12797984,-0.12797984,-0.12797984,-0.12797984,-0.12797984,-0.12797984,-0.12797984,-0.12797984,-0.12797984,-0.12797984,-0.12797984,-0.12797984,-0.12797984,-0.12797984,-0.12797984,-0.12797984,-0.12797984,-0.12797984
137,2015-09-05 00:02:17,78.10875,80.0,-0.12121635,78.23673,78.364716,78.4927,78.62068,78.748665,78.87665,79.00463,79.132614,79.2606,79.38858,79.51656,79.64455,79.77253,79.90051,80.028496,80.15648,80.28446,80.412445,80.54043,80.66841,80.796394,80.92438,81.05236,81.18034,81.30833,-0.12243255,-0.12357537,-0.12467092,-0.12563062,-0.12645914,-0.12718019,-0.12785801,-0.12797984,-0.12797984,-0.12797984,-0.12797984,-0.12797984,-0.12797984,-0.12797984,-0.12797984,-0.12797984,-0.12797984,-0.12797984,-0.12797984,-0.12797984,-0.12797984,-0.12797984,-0.12797984,-0.12797984,-0.12797984
138,2015-09-05 00:02:18,77.98077,80.0,-0.11999142,78.10875,78.23673,78.364716,78.4927,78.62068,78.748665,78.87665,79.00463,79.132614,79.2606,79.38858,79.51656,79.64455,79.77253,79.90051,80.028496,80.15648,80.28446,80.412445,80.54043,80.66841,80.796394,80.92438,81.05236,81.18034,-0.12121635,-0.12243255,-0.12357537,-0.12467092,-0.12563062,-0.12645914,-0.12718019,-0.12785801,-0.12797984,-0.12797984,-0.12797984,-0.12797984,-0.12797984,-0.12797984,-0.12797984,-0.12797984,-0.12797984,-0.12797984,-0.12797984,-0.12797984,-0.12797984,-0.12797984,-0.12797984,-0.12797984,-0.12797984
139,2015-09-05 00:02:19,77.85278,80.0,-0.11876698,77.98077,78.10875,78.23673,78.364716,78.4927,78.62068,78.748665,78.87665,79.00463,79.132614,79.2606,79.38858,79.51656,79.64455,79.77253,79.90051,80.028496,80.15648,80.28446,80.412445,80.54043,80.66841,80.796394,80.92438,81.05236,-0.11999142,-0.12121635,-0.12243255,-0.12357537,-0.12467092,-0.12563062,-0.12645914,-0.12718019,-0.12785801,-0.12797984,-0.12797984,-0.12797984,-0.12797984,-0.12797984,-0.12797984,-0.12797984,-0.12797984,-0.12797984,-0.12797984,-0.12797984,-0.12797984,-0.12797984,-0.12797984,-0.12797984,-0.12797984
140,2015-09-05 00:02:20,77.7248,80.0,-0.1175314,77.85278,77.98077,78.10875,78.23673,78.364716,78.4927,78.62068,78.748665,78.87665,79.00463,79.132614,79.2606,79.38858,79.51656,79.64455,79.77253,79.90051,80.028496,80.15648,80.28446,80.412445,80.54043,80.66841,80.796394,80.92438,-0.11876698,-0.11999142,-0.12121635,-0.12243255,-0.12357537,-0.12467092,-0.12563062,-0.12645914,-0.12718019,-0.12785801,-0.12797984,-0.12797984,-0.12797984,-0.12797984,-0.12797984,-0.12797984,-0.12797984,-0.12797984,-0.12797984,-0.12797984,-0.12797984,-0.12797984,-0.12797984,-0.12797984,-0.12797984
141,2015-09-05 00:02:21,77.59682,80.0,-0.11629278,77.7248,77.85278,77.98077,78.10875,78.23673,78.364716,78.4927,78.62068,78.748665,78.87665,79.00463,79.132614,79.2606,79.38858,79.51656,79.64455,79.77253,79.90051,80.028496,80.15648,80.28446,80.412445,80.54043,80.66841,80.796394,-0.1175314,-0.11876698,-0.11999142,-0.12121635,-0.12243255,-0.12357537,-0.12467092,-0.12563062,-0.12645914,-0.12718019,-0.12785801,-0.12797984,-0.12797984,-0.12797984,-0.12797984,-0.12797984,-0.12797984,-0.12797984,-0.12797984,-0.12797984,-0.12797984,-0.12797984,-0.12797984,-0.12797984,-0.12797984
142,2015-09-05 00:02:22,77.468834,80.0,-0.114979185,77.59682,77.7248,77.85278,77.98077,78.10875,78.23673,78.364716,78.4927,78.62068,78.748665,78.87665,79.00463,79.132614,79.2606,79.38858,79.51656,79.64455,79.77253,79.90051,80.028496,80.15648,80.28446,80.412445,80.54043,80.66841,-0.11629278,-0.1175314,-0.11876698,-0.11999142,-0.12121635,-0.12243255,-0.12357537,-0.12467092,-0.12563062,-0.12645914,-0.12718019,-0.12785801,-0.12797984,-0.12797984,-0.12797984,-0.12797984,-0.12797984,-0.12797984,-0.12797984,-0.12797984,-0.12797984,-0.12797984,-0.12797984,-0.12797984,-0.12797984
143,2015-09-05 00:02:23,77.34085,80.0,-0.11362377,77.468834,77.59682,77.7248,77.85278,77.98077,78.10875,78.23673,78.364716,78.4927,78.62068,78.748665,78.87665,79.00463,79.132614,79.2606,79.38858,79.51656,79.64455,79.77253,79.90051,80.028496,80.15648,80.28446,80.412445,80.54043,-0.114979185,-0.11629278,-0.1175314,-0.11876698,-0.11999142,-0.12121635,-0.12243255,-0.12357537,-0.12467092,-0.12563062,-0.12645914,-0.12718019,-0.12785801,-0.12797984,-0.12797984,-0.12797984,-0.12797984,-0.12797984,-0.12797984,-0.12797984,-0.12797984,-0.12797984,-0.12797984,-0.12797984,-0.12797984
144,2015-09-05 00:02:24,77.21287,80.0,-0.11225271,77.34085,77.468834,77.59682,77.7248,77.85278,77.98077,78.10875,78.23673,78.364716,78.4927,78.62068,78.748665,78.87665,79.00463,79.132614,79.2606,79.38858,79.51656,79.64455,79.77253,79.90051,80.028496,80.15648,80.28446,80.412445,-0.11362377,-0.114979185,-0.11629278,-0.1175314,-0.11876698,-0.11999142,-0.12121635,-0.12243255,-0.12357537,-0.12467092,-0.12563062,-0.12645914,-0.12718019,-0.12785801,-0.12797984,-0.12797984,-0.12797984,-0.12797984,-0.12797984,-0.12797984,-0.12797984,-0.12797984,-0.12797984,-0.12797984,-0.12797984
145,2015-09-05 00:02:25,77.084885,80.0,-0.110864304,77.21287,77.34085,77.468834,77.59682,77.7248,77.85278,77.98077,78.10875,78.23673,78.364716,78.4927,78.62068,78.748665,78.87665,79.00463,79.132614,79.2606,79.38858,79.51656,79.64455,79.77253,79.90051,80.028496,80.15648,80.28446,-0.11225271,-0.11362377,-0.114979185,-0.11629278,-0.1175314,-0.11876698,-0.11999142,-0.12121635,-0.12243255,-0.12357537,-0.12467092,-0.12563062,-0.12645914,-0.12718019,-0.12785801,-0.12797984,-0.12797984,-0.12797984,-0.12797984,-0.12797984,-0.12797984,-0.12797984,-0.12797984,-0.12797984,-0.12797984
146,2015-09-05 00:02:26,76.9569,80.0,-0.10947427,77.084885,77.21287,77.34085,77.468834,77.59682,77.7248,77.85278,77.98077,78.10875,78.23673,78.364716,78.4927,78.62068,78.748665,78.87665,79.00463,79.132614,79.2606,79.38858,79.51656,79.64455,79.77253,79.90051,80.028496,80.15648,-0.110864304,-0.11225271,-0.11362377,-0.114979185,-0.11629278,-0.1175314,-0.11876698,-0.11999142,-0.12121635,-0.12243255,-0.12357537,-0.12467092,-0.12563062,-0.12645914,-0.12718019,-0.12785801,-0.12797984,-0.12797984,-0.12797984,-0.12797984,-0.12797984,-0.12797984,-0.12797984,-0.12797984,-0.12797984
147,2015-09-05 00:02:27,76.82892,80.0,-0.108087234,76.9569,77.084885,77.21287,77.34085,77.468834,77.59682,77.7248,77.85278,77.98077,78.10875,78.23673,78.364716,78.4927,78.62068,78.748665,78.87665,79.00463,79.132614,79.2606,79.38858,79.51656,79.64455,79.77253,79.90051,80.028496,-0.10947427,-0.110864304,-0.11225271,-0.11362377,-0.114979185,-0.11629278,-0.1175314,-0.11876698,-0.11999142,-0.12121635,-0.12243255,-0.12357537,-0.12467092,-0.12563062,-0.12645914,-0.12718019,-0.12785801,-0.12797984,-0.12797984,-0.12797984,-0.12797984,-0.12797984,-0.12797984,-0.12797984,-0.12797984
148,2015-09-05 00:02:28,76.700935,80.0,-0.10669725,76.82892,76.9569,77.084885,77.21287,77.34085,77.468834,77.59682,77.7248,77.85278,77.98077,78.10875,78.23673,78.364716,78.4927,78.62068,78.748665,78.87665,79.00463,79.132614,79.2606,79.38858,79.51656,79.64455,79.77253,79.90051,-0.108087234,-0.10947427,-0.110864304,-0.11225271,-0.11362377,-0.114979185,-0.11629278,-0.1175314,-0.11876698,-0.11999142,-0.12121635,-0.12243255,-0.12357537,-0.12467092,-0.12563062,-0.12645914,-0.12718019,-0.12785801,-0.12797984,-0.12797984,-0.12797984,-0.12797984,-0.12797984,-0.12797984,-0.12797984
149,2015-09-05 00:02:29,76.57295,80.0,-0.10530446,76.700935,76.82892,76.9569,77.084885,77.21287,77.34085,77.468834,77.59682,77.7248,77.85278,77.98077,78.10875,78.23673,78.364716,78.4927,78.62068,78.748665,78.87665,79.00463,79.132614,79.2606,79.38858,79.51656,79.64455,79.77253,-0.10669725,-0.108087234,-0.10947427,-0.110864304,-0.11225271,-0.11362377,-0.114979185,-0.11629278,-0.1175314,-0.11876698,-0.11999142,-0.12121635,-0.12243255,-0.12357537,-0.12467092,-0.12563062,-0.12645914,-0.12718019,-0.12785801,-0.12797984,-0.12797984,-0.12797984,-0.12797984,-0.12797984,-0.12797984
150,2015-09-05 00:02:30,76.44509,80.0,-0.10388359,76.57295,76.700935,76.82892,76.9569,77.084885,77.21287,77.34085,77.468834,77.59682,77.7248,77.85278,77.98077,78.10875,78.23673,78.364716,78.4927,78.62068,78.748665,78.87665,79.00463,79.132614,79.2606,79.38858,79.51656,79.64455,-0.10530446,-0.10669725,-0.108087234,-0.10947427,-0.110864304,-0.11225271,-0.11362377,-0.114979185,-0.11629278,-0.1175314,-0.11876698,-0.11999142,-0.12121635,-0.12243255,-0.12357537,-0.12467092,-0.12563062,-0.12645914,-0.12718019,-0.12785801,-0.12797984,-0.12797984,-0.12797984,-0.12797984,-0.12797984
151,2015-09-05 00:02:31,76.31791,80.0,-0.102436304,76.44509,76.57295,76.700935,76.82892,76.9569,77.084885,77.21287,77.34085,77.468834,77.59682,77.7248,77.85278,77.98077,78.10875,78.23673,78.364716,78.4927,78.62068,78.748665,78.87665,79.00463,79.132614,79.2606,79.38858,79.51656,-0.10388359,-0.10530446,-0.10669725,-0.108087234,-0.10947427,-0.110864304,-0.11225271,-0.11362377,-0.114979185,-0.11629278,-0.1175314,-0.11876698,-0.11999142,-0.12121635,-0.12243255,-0.12357537,-0.12467092,-0.12563062,-0.12645914,-0.12718019,-0.12785801,-0.12797984,-0.12797984,-0.12797984,-0.12797984
152,2015-09-05 00:02:32,76.19145,80.0,-0.10097633,76.31791,76.44509,76.57295,76.700935,76.82892,76.9569,77.084885,77.21287,77.34085,77.468834,77.59682,77.7248,77.85278,77.98077,78.10875,78.23673,78.364716,78.4927,78.62068,78.748665,78.87665,79.00463,79.132614,79.2606,79.38858,-0.102436304,-0.10388359,-0.10530446,-0.10669725,-0.108087234,-0.10947427,-0.110864304,-0.11225271,-0.11362377,-0.114979185,-0.11629278,-0.1175314,-0.11876698,-0.11999142,-0.12121635,-0.12243255,-0.12357537,-0.12467092,-0.12563062,-0.12645914,-0.12718019,-0.12785801,-0.12797984,-0.12797984,-0.12797984
153,2015-09-05 00:02:33,76.06582,80.0,-0.09950836,76.19145,76.31791,76.44509,76.57295,76.700935,76.82892,76.9569,77.084885,77.21287,77.34085,77.468834,77.59682,77.7248,77.85278,77.98077,78.10875,78.23673,78.364716,78.4927,78.62068,78.748665,78.87665,79.00463,79.132614,79.2606,-0.10097633,-0.102436304,-0.10388359,-0.10530446,-0.10669725,-0.108087234,-0.10947427,-0.110864304,-0.11225271,-0.11362377,-0.114979185,-0.11629278,-0.1175314,-0.11876698,-0.11999142,-0.12121635,-0.12243255,-0.12357537,-0.12467092,-0.12563062,-0.12645914,-0.12718019,-0.12785801,-0.12797984,-0.12797984
154,2015-09-05 00:02:34,75.94115,80.0,-0.09803266,76.06582,76.19145,76.31791,76.44509,76.57295,76.700935,76.82892,76.9569,77.084885,77.21287,77.34085,77.468834,77.59682,77.7248,77.85278,77.98077,78.10875,78.23673,78.364716,78.4927,78.62068,78.748665,78.87665,79.00463,79.132614,-0.09950836,-0.10097633,-0.102436304,-0.10388359,-0.10530446,-0.10669725,-0.108087234,-0.10947427,-0.110864304,-0.11225271,-0.11362377,-0.114979185,-0.11629278,-0.1175314,-0.11876698,-0.11999142,-0.12121635,-0.12243255,-0.12357537,-0.12467092,-0.12563062,-0.12645914,-0.12718019,-0.12785801,-0.12797984
155,2015-09-05 00:02:35,75.81757,80.0,-0.09655026,75.94115,76.06582,76.19145,76.31791,76.44509,76.57295,76.700935,76.82892,76.9569,77.084885,77.21287,77.34085,77.468834,77.59682,77.7248,77.85278,77.98077,78.10875,78.23673,78.364716,78.4927,78.62068,78.748665,78.87665,79.00463,-0.09803266,-0.09950836,-0.10097633,-0.102436304,-0.10388359,-0.10530446,-0.10669725,-0.108087234,-0.10947427,-0.110864304,-0.11225271,-0.11362377,-0.114979185,-0.11629278,-0.1175314,-0.11876698,-0.11999142,-0.12121635,-0.12243255,-0.12357537,-0.12467092,-0.12563062,-0.12645914,-0.12718019,-0.12785801
156,2015-09-05 00:02:36,75.695145,80.0,-0.09511676,75.81757,75.94115,76.06582,76.19145,76.31791,76.44509,76.57295,76.700935,76.82892,76.9569,77.084885,77.21287,77.34085,77.468834,77.59682,77.7248,77.85278,77.98077,78.10875,78.23673,78.364716,78.4927,78.62068,78.748665,78.87665,-0.09655026,-0.09803266,-0.09950836,-0.10097633,-0.102436304,-0.10388359,-0.10530446,-0.10669725,-0.108087234,-0.10947427,-0.110864304,-0.11225271,-0.11362377,-0.114979185,-0.11629278,-0.1175314,-0.11876698,-0.11999142,-0.12121635,-0.12243255,-0.12357537,-0.12467092,-0.12563062,-0.12645914,-0.12718019
157,2015-09-05 00:02:37,75.57393,80.0,-0.09375427,75.695145,75.81757,75.94115,76.06582,76.19145,76.31791,76.44509,76.57295,76.700935,76.82892,76.9569,77.084885,77.21287,77.34085,77.468834,77.59682,77.7248,77.85278,77.98077,78.10875,78.23673,78.364716,78.4927,78.62068,78.748665,-0.09511676,-0.09655026,-0.09803266,-0.09950836,-0.10097633,-0.102436304,-0.10388359,-0.10530446,-0.10669725,-0.108087234,-0.10947427,-0.110864304,-0.11225271,-0.11362377,-0.114979185,-0.11629278,-0.1175314,-0.11876698,-0.11999142,-0.12121635,-0.12243255,-0.12357537,-0.12467092,-0.12563062,-0.12645914
158,2015-09-05 00:02:38,75.45393,80.0,-0.09237771,75.57393,75.695145,75.81757,75.94115,76.06582,76.19145,76.31791,76.44509,76.57295,76.700935,76.82892,76.9569,77.084885,77.21287,77.34085,77.468834,77.59682,77.7248,77.85278,77.98077,78.10875,78.23673,78.364716,78.4927,78.62068,-0.09375427,-0.09511676,-0.09655026,-0.09803266,-0.09950836,-0.10097633,-0.102436304,-0.10388359,-0.10530446,-0.10669725,-0.108087234,-0.10947427,-0.110864304,-0.11225271,-0.11362377,-0.114979185,-0.11629278,-0.1175314,-0.11876698,-0.11999142,-0.12121635,-0.12243255,-0.12357537,-0.12467092,-0.12563062
159,2015-09-05 00:02:39,75.33517,80.0,-0.09098827,75.45393,75.57393,75.695145,75.81757,75.94115,76.06582,76.19145,76.31791,76.44509,76.57295,76.700935,76.82892,76.9569,77.084885,77.21287,77.34085,77.468834,77.59682,77.7248,77.85278,77.98077,78.10875,78.23673,78.364716,78.4927,-0.09237771,-0.09375427,-0.09511676,-0.09655026,-0.09803266,-0.09950836,-0.10097633,-0.102436304,-0.10388359,-0.10530446,-0.10669725,-0.108087234,-0.10947427,-0.110864304,-0.11225271,-0.11362377,-0.114979185,-0.11629278,-0.1175314,-0.11876698,-0.11999142,-0.12121635,-0.12243255,-0.12357537,-0.12467092
160,2015-09-05 00:02:40,75.217636,80.0,-0.089561254,75.33517,75.45393,75.57393,75.695145,75.81757,75.94115,76.06582,76.19145,76.31791,76.44509,76.57295,76.700935,76.82892,76.9569,77.084885,77.21287,77.34085,77.468834,77.59682,77.7248,77.85278,77.98077,78.10875,78.23673,78.364716,-0.09098827,-0.09237771,-0.09375427,-0.09511676,-0.09655026,-0.09803266,-0.09950836,-0.10097633,-0.102436304,-0.10388359,-0.10530446,-0.10669725,-0.108087234,-0.10947427,-0.110864304,-0.11225271,-0.11362377,-0.114979185,-0.11629278,-0.1175314,-0.11876698,-0.11999142,-0.12121635,-0.12243255,-0.12357537
161,2015-09-05 00:02:41,75.10134,80.0,-0.08812669,75.217636,75.33517,75.45393,75.57393,75.695145,75.81757,75.94115,76.06582,76.19145,76.31791,76.44509,76.57295,76.700935,76.82892,76.9569,77.084885,77.21287,77.34085,77.468834,77.59682,77.7248,77.85278,77.98077,78.10875,78.23673,-0.089561254,-0.09098827,-0.09237771,-0.09375427,-0.09511676,-0.09655026,-0.09803266,-0.09950836,-0.10097633,-0.102436304,-0.10388359,-0.10530446,-0.10669725,-0.108087234,-0.10947427,-0.110864304,-0.11225271,-0.11362377,-0.114979185,-0.11629278,-0.1175314,-0.11876698,-0.11999142,-0.12121635,-0.12243255
162,2015-09-05 00:02:42,74.98636,80.0,-0.0866914,75.10134,75.217636,75.33517,75.45393,75.57393,75.695145,75.81757,75.94115,76.06582,76.19145,76.31791,76.44509,76.57295,76.700935,76.82892,76.9569,77.084885,77.21287,77.34085,77.468834,77.59682,77.7248,77.85278,77.98077,78.10875,-0.08812669,-0.089561254,-0.09098827,-0.09237771,-0.09375427,-0.09511676,-0.09655026,-0.09803266,-0.09950836,-0.10097633,-0.102436304,-0.10388359,-0.10530446,-0.10669725,-0.108087234,-0.10947427,-0.110864304,-0.11225271,-0.11362377,-0.114979185,-0.11629278,-0.1175314,-0.11876698,-0.11999142,-0.12121635
163,2015-09-05 00:02:43,74.872734,80.0,-0.08525879,74.98636,75.10134,75.217636,75.33517,75.45393,75.57393,75.695145,75.81757,75.94115,76.06582,76.19145,76.31791,76.44509,76.57295,76.700935,76.82892,76.9569,77.084885,77.21287,77.34085,77.468834,77.59682,77.7248,77.85278,77.98077,-0.0866914,-0.08812669,-0.089561254,-0.09098827,-0.09237771,-0.09375427,-0.09511676,-0.09655026,-0.09803266,-0.09950836,-0.10097633,-0.102436304,-0.10388359,-0.10530446,-0.10669725,-0.108087234,-0.10947427,-0.110864304,-0.11225271,-0.11362377,-0.114979185,-0.11629278,-0.1175314,-0.11876698,-0.11999142
164,2015-09-05 00:02:44,74.76048,80.0,-0.083864674,74.872734,74.98636,75.10134,75.217636,75.33517,75.45393,75.57393,75.695145,75.81757,75.94115,76.06582,76.19145,76.31791,76.44509,76.57295,76.700935,76.82892,76.9569,77.084885,77.21287,77.34085,77.468834,77.59682,77.7248,77.85278,-0.08525879,-0.0866914,-0.08812669,-0.089561254,-0.09098827,-0.09237771,-0.09375427,-0.09511676,-0.09655026,-0.09803266,-0.09950836,-0.10097633,-0.102436304,-0.10388359,-0.10530446,-0.10669725,-0.108087234,-0.10947427,-0.110864304,-0.11225271,-0.11362377,-0.114979185,-0.11629278,-0.1175314,-0.11876698
165,2015-09-05 00:02:45,74.64962,80.0,-0.08251992,74.76048,74.872734,74.98636,75.10134,75.217636,75.33517,75.45393,75.57393,75.695145,75.81757,75.94115,76.06582,76.19145,76.31791,76.44509,76.57295,76.700935,76.82892,76.9569,77.084885,77.21287,77.34085,77.468834,77.59682,77.7248,-0.083864674,-0.08525879,-0.0866914,-0.08812669,-0.089561254,-0.09098827,-0.09237771,-0.09375427,-0.09511676,-0.09655026,-0.09803266,-0.09950836,-0.10097633,-0.102436304,-0.10388359,-0.10530446,-0.10669725,-0.108087234,-0.10947427,-0.110864304,-0.11225271,-0.11362377,-0.114979185,-0.11629278,-0.1175314
166,2015-09-05 00:02:46,74.540146,80.0,-0.0812297,74.64962,74.76048,74.872734,74.98636,75.10134,75.217636,75.33517,75.45393,75.57393,75.695145,75.81757,75.94115,76.06582,76.19145,76.31791,76.44509,76.57295,76.700935,76.82892,76.9569,77.084885,77.21287,77.34085,77.468834,77.59682,-0.08251992,-0.083864674,-0.08525879,-0.0866914,-0.08812669,-0.089561254,-0.09098827,-0.09237771,-0.09375427,-0.09511676,-0.09655026,-0.09803266,-0.09950836,-0.10097633,-0.102436304,-0.10388359,-0.10530446,-0.10669725,-0.108087234,-0.10947427,-0.110864304,-0.11225271,-0.11362377,-0.114979185,-0.11629278
167,2015-09-05 00:02:47,74.43206,80.0,-0.07995235,74.540146,74.64962,74.76048,74.872734,74.98636,75.10134,75.217636,75.33517,75.45393,75.57393,75.695145,75.81757,75.94115,76.06582,76.19145,76.31791,76.44509,76.57295,76.700935,76.82892,76.9569,77.084885,77.21287,77.34085,77.468834,-0.0812297,-0.08251992,-0.083864674,-0.08525879,-0.0866914,-0.08812669,-0.089561254,-0.09098827,-0.09237771,-0.09375427,-0.09511676,-0.09655026,-0.09803266,-0.09950836,-0.10097633,-0.102436304,-0.10388359,-0.10530446,-0.10669725,-0.108087234,-0.10947427,-0.110864304,-0.11225271,-0.11362377,-0.114979185
168,2015-09-05 00:02:48,74.32536,80.0,-0.07866447,74.43206,74.540146,74.64962,74.76048,74.872734,74.98636,75.10134,75.217636,75.33517,75.45393,75.57393,75.695145,75.81757,75.94115,76.06582,76.19145,76.31791,76.44509,76.57295,76.700935,76.82892,76.9569,77.084885,77.21287,77.34085,-0.07995235,-0.0812297,-0.08251992,-0.083864674,-0.08525879,-0.0866914,-0.08812669,-0.089561254,-0.09098827,-0.09237771,-0.09375427,-0.09511676,-0.09655026,-0.09803266,-0.09950836,-0.10097633,-0.102436304,-0.10388359,-0.10530446,-0.10669725,-0.108087234,-0.10947427,-0.110864304,-0.11225271,-0.11362377
169,2015-09-05 00:02:49,74.22006,80.0,-0.07737956,74.32536,74.43206,74.540146,74.64962,74.76048,74.872734,74.98636,75.10134,75.217636,75.33517,75.45393,75.57393,75.695145,75.81757,75.94115,76.06582,76.19145,76.31791,76.44509,76.57295,76.700935,76.82892,76.9569,77.084885,77.21287,-0.07866447,-0.07995235,-0.0812297,-0.08251992,-0.083864674,-0.08525879,-0.0866914,-0.08812669,-0.089561254,-0.09098827,-0.09237771,-0.09375427,-0.09511676,-0.09655026,-0.09803266,-0.09950836,-0.10097633,-0.102436304,-0.10388359,-0.10530446,-0.10669725,-0.108087234,-0.10947427,-0.110864304,-0.11225271
170,2015-09-05 00:02:50,74.11618,80.0,-0.07610151,74.22006,74.32536,74.43206,74.540146,74.64962,74.76048,74.872734,74.98636,75.10134,75.217636,75.33517,75.45393,75.57393,75.695145,75.81757,75.94115,76.06582,76.19145,76.31791,76.44509,76.57295,76.700935,76.82892,76.9569,77.084885,-0.07737956,-0.07866447,-0.07995235,-0.0812297,-0.08251992,-0.083864674,-0.08525879,-0.0866914,-0.08812669,-0.089561254,-0.09098827,-0.09237771,-0.09375427,-0.09511676,-0.09655026,-0.09803266,-0.09950836,-0.10097633,-0.102436304,-0.10388359,-0.10530446,-0.10669725,-0.108087234,-0.10947427,-0.110864304
171,2015-09-05 00:02:51,74.01374,80.0,-0.0748667,74.11618,74.22006,74.32536,74.43206,74.540146,74.64962,74.76048,74.872734,74.98636,75.10134,75.217636,75.33517,75.45393,75.57393,75.695145,75.81757,75.94115,76.06582,76.19145,76.31791,76.44509,76.57295,76.700935,76.82892,76.9569,-0.07610151,-0.07737956,-0.07866447,-0.07995235,-0.0812297,-0.08251992,-0.083864674,-0.08525879,-0.0866914,-0.08812669,-0.089561254,-0.09098827,-0.09237771,-0.09375427,-0.09511676,-0.09655026,-0.09803266,-0.09950836,-0.10097633,-0.102436304,-0.10388359,-0.10530446,-0.10669725,-0.108087234,-0.10947427
172,2015-09-05 00:02:52,73.912766,80.0,-0.073643684,74.01374,74.11618,74.22006,74.32536,74.43206,74.540146,74.64962,74.76048,74.872734,74.98636,75.10134,75.217636,75.33517,75.45393,75.57393,75.695145,75.81757,75.94115,76.06582,76.19145,76.31791,76.44509,76.57295,76.700935,76.82892,-0.0748667,-0.07610151,-0.07737956,-0.07866447,-0.07995235,-0.0812297,-0.08251992,-0.083864674,-0.08525879,-0.0866914,-0.08812669,-0.089561254,-0.09098827,-0.09237771,-0.09375427,-0.09511676,-0.09655026,-0.09803266,-0.09950836,-0.10097633,-0.102436304,-0.10388359,-0.10530446,-0.10669725,-0.108087234
173,2015-09-05 00:02:53,73.813255,80.0,-0.07243192,73.912766,74.01374,74.11618,74.22006,74.32536,74.43206,74.540146,74.64962,74.76048,74.872734,74.98636,75.10134,75.217636,75.33517,75.45393,75.57393,75.695145,75.81757,75.94115,76.06582,76.19145,76.31791,76.44509,76.57295,76.700935,-0.073643684,-0.0748667,-0.07610151,-0.07737956,-0.07866447,-0.07995235,-0.0812297,-0.08251992,-0.083864674,-0.08525879,-0.0866914,-0.08812669,-0.089561254,-0.09098827,-0.09237771,-0.09375427,-0.09511676,-0.09655026,-0.09803266,-0.09950836,-0.10097633,-0.102436304,-0.10388359,-0.10530446,-0.10669725
174,2015-09-05 00:02:54,73.715225,80.0,-0.0712354,73.813255,73.912766,74.01374,74.11618,74.22006,74.32536,74.43206,74.540146,74.64962,74.76048,74.872734,74.98636,75.10134,75.217636,75.33517,75.45393,75.57393,75.695145,75.81757,75.94115,76.06582,76.19145,76.31791,76.44509,76.57295,-0.07243192,-0.073643684,-0.0748667,-0.07610151,-0.07737956,-0.07866447,-0.07995235,-0.0812297,-0.08251992,-0.083864674,-0.08525879,-0.0866914,-0.08812669,-0.089561254,-0.09098827,-0.09237771,-0.09375427,-0.09511676,-0.09655026,-0.09803266,-0.09950836,-0.10097633,-0.102436304,-0.10388359,-0.10530446
175,2015-09-05 00:02:55,73.618675,80.0,-0.07005554,73.715225,73.813255,73.912766,74.01374,74.11618,74.22006,74.32536,74.43206,74.540146,74.64962,74.76048,74.872734,74.98636,75.10134,75.217636,75.33517,75.45393,75.57393,75.695145,75.81757,75.94115,76.06582,76.19145,76.31791,76.44509,-0.0712354,-0.07243192,-0.073643684,-0.0748667,-0.07610151,-0.07737956,-0.07866447,-0.07995235,-0.0812297,-0.08251992,-0.083864674,-0.08525879,-0.0866914,-0.08812669,-0.089561254,-0.09098827,-0.09237771,-0.09375427,-0.09511676,-0.09655026,-0.09803266,-0.09950836,-0.10097633,-0.102436304,-0.10388359
176,2015-09-05 00:02:56,73.52356,80.0,-0.06890942,73.618675,73.715225,73.813255,73.912766,74.01374,74.11618,74.22006,74.32536,74.43206,74.540146,74.64962,74.76048,74.872734,74.98636,75.10134,75.217636,75.33517,75.45393,75.57393,75.695145,75.81757,75.94115,76.06582,76.19145,76.31791,-0.07005554,-0.0712354,-0.07243192,-0.073643684,-0.0748667,-0.07610151,-0.07737956,-0.07866447,-0.07995235,-0.0812297,-0.08251992,-0.083864674,-0.08525879,-0.0866914,-0.08812669,-0.089561254,-0.09098827,-0.09237771,-0.09375427,-0.09511676,-0.09655026,-0.09803266,-0.09950836,-0.10097633,-0.102436304
177,2015-09-05 00:02:57,73.4298,80.0,-0.067848556,73.52356,73.618675,73.715225,73.813255,73.912766,74.01374,74.11618,74.22006,74.32536,74.43206,74.540146,74.64962,74.76048,74.872734,74.98636,75.10134,75.217636,75.33517,75.45393,75.57393,75.695145,75.81757,75.94115,76.06582,76.19145,-0.06890942,-0.07005554,-0.0712354,-0.07243192,-0.073643684,-0.0748667,-0.07610151,-0.07737956,-0.07866447,-0.07995235,-0.0812297,-0.08251992,-0.083864674,-0.08525879,-0.0866914,-0.08812669,-0.089561254,-0.09098827,-0.09237771,-0.09375427,-0.09511676,-0.09655026,-0.09803266,-0.09950836,-0.10097633
178,2015-09-05 00:02:58,73.337425,80.0,-0.066802174,73.4298,73.52356,73.618675,73.715225,73.813255,73.912766,74.01374,74.11618,74.22006,74.32536,74.43206,74.540146,74.64962,74.76048,74.872734,74.98636,75.10134,75.217636,75.33517,75.45393,75.57393,75.695145,75.81757,75.94115,76.06582,-0.067848556,-0.06890942,-0.07005554,-0.0712354,-0.07243192,-0.073643684,-0.0748667,-0.07610151,-0.07737956,-0.07866447,-0.07995235,-0.0812297,-0.08251992,-0.083864674,-0.08525879,-0.0866914,-0.08812669,-0.089561254,-0.09098827,-0.09237771,-0.09375427,-0.09511676,-0.09655026,-0.09803266,-0.09950836
179,2015-09-05 00:02:59,73.24644,80.0,-0.06576971,73.337425,73.4298,73.52356,73.618675,73.715225,73.813255,73.912766,74.01374,74.11618,74.22006,74.32536,74.43206,74.540146,74.64962,74.76048,74.872734,74.98636,75.10134,75.217636,75.33517,75.45393,75.57393,75.695145,75.81757,75.94115,-0.066802174,-0.067848556,-0.06890942,-0.07005554,-0.0712354,-0.07243192,-0.073643684,-0.0748667,-0.07610151,-0.07737956,-0.07866447,-0.07995235,-0.0812297,-0.08251992,-0.083864674,-0.08525879,-0.0866914,-0.08812669,-0.089561254,-0.09098827,-0.09237771,-0.09375427,-0.09511676,-0.09655026,-0.09803266
180,2015-09-05 00:03:00,73.156876,80.0,-0.06475005,73.24644,73.337425,73.4298,73.52356,73.618675,73.715225,73.813255,73.912766,74.01374,74.11618,74.22006,74.32536,74.43206,74.540146,74.64962,74.76048,74.872734,74.98636,75.10134,75.217636,75.33517,75.45393,75.57393,75.695145,75.81757,-0.06576971,-0.066802174,-0.067848556,-0.06890942,-0.07005554,-0.0712354,-0.07243192,-0.073643684,-0.0748667,-0.07610151,-0.07737956,-0.07866447,-0.07995235,-0.0812297,-0.08251992,-0.083864674,-0.08525879,-0.0866914,-0.08812669,-0.089561254,-0.09098827,-0.09237771,-0.09375427,-0.09511676,-0.09655026
181,2015-09-05 00:03:01,73.06875,80.0,-0.06374365,73.156876,73.24644,73.337425,73.4298,73.52356,73.618675,73.715225,73.813255,73.912766,74.01374,74.11618,74.22006,74.32536,74.43206,74.540146,74.64962,74.76048,74.872734,74.98636,75.10134,75.217636,75.33517,75.45393,75.57393,75.695145,-0.06475005,-0.06576971,-0.066802174,-0.067848556,-0.06890942,-0.07005554,-0.0712354,-0.07243192,-0.073643684,-0.0748667,-0.07610151,-0.07737956,-0.07866447,-0.07995235,-0.0812297,-0.08251992,-0.083864674,-0.08525879,-0.0866914,-0.08812669,-0.089561254,-0.09098827,-0.09237771,-0.09375427,-0.09511676
182,2015-09-05 00:03:02,72.982056,80.0,-0.06275147,73.06875,73.156876,73.24644,73.337425,73.4298,73.52356,73.618675,73.715225,73.813255,73.912766,74.01374,74.11618,74.22006,74.32536,74.43206,74.540146,74.64962,74.76048,74.872734,74.98636,75.10134,75.217636,75.33517,75.45393,75.57393,-0.06374365,-0.06475005,-0.06576971,-0.066802174,-0.067848556,-0.06890942,-0.07005554,-0.0712354,-0.07243192,-0.073643684,-0.0748667,-0.07610151,-0.07737956,-0.07866447,-0.07995235,-0.0812297,-0.08251992,-0.083864674,-0.08525879,-0.0866914,-0.08812669,-0.089561254,-0.09098827,-0.09237771,-0.09375427
183,2015-09-05 00:03:03,72.8968,80.0,-0.06177241,72.982056,73.06875,73.156876,73.24644,73.337425,73.4298,73.52356,73.618675,73.715225,73.813255,73.912766,74.01374,74.11618,74.22006,74.32536,74.43206,74.540146,74.64962,74.76048,74.872734,74.98636,75.10134,75.217636,75.33517,75.45393,-0.06275147,-0.06374365,-0.06475005,-0.06576971,-0.066802174,-0.067848556,-0.06890942,-0.07005554,-0.0712354,-0.07243192,-0.073643684,-0.0748667,-0.07610151,-0.07737956,-0.07866447,-0.07995235,-0.0812297,-0.08251992,-0.083864674,-0.08525879,-0.0866914,-0.08812669,-0.089561254,-0.09098827,-0.09237771
184,2015-09-05 00:03:04,72.812935,80.0,-0.060805537,72.8968,72.982056,73.06875,73.156876,73.24644,73.337425,73.4298,73.52356,73.618675,73.715225,73.813255,73.912766,74.01374,74.11618,74.22006,74.32536,74.43206,74.540146,74.64962,74.76048,74.872734,74.98636,75.10134,75.217636,75.33517,-0.06177241,-0.06275147,-0.06374365,-0.06475005,-0.06576971,-0.066802174,-0.067848556,-0.06890942,-0.07005554,-0.0712354,-0.07243192,-0.073643684,-0.0748667,-0.07610151,-0.07737956,-0.07866447,-0.07995235,-0.0812297,-0.08251992,-0.083864674,-0.08525879,-0.0866914,-0.08812669,-0.089561254,-0.09098827
185,2015-09-05 00:03:05,72.730415,80.0,-0.05985157,72.812935,72.8968,72.982056,73.06875,73.156876,73.24644,73.337425,73.4298,73.52356,73.618675,73.715225,73.813255,73.912766,74.01374,74.11618,74.22006,74.32536,74.43206,74.540146,74.64962,74.76048,74.872734,74.98636,75.10134,75.217636,-0.060805537,-0.06177241,-0.06275147,-0.06374365,-0.06475005,-0.06576971,-0.066802174,-0.067848556,-0.06890942,-0.07005554,-0.0712354,-0.07243192,-0.073643684,-0.0748667,-0.07610151,-0.07737956,-0.07866447,-0.07995235,-0.0812297,-0.08251992,-0.083864674,-0.08525879,-0.0866914,-0.08812669,-0.089561254
186,2015-09-05 00:03:06,72.649185,80.0,-0.05891198,72.730415,72.812935,72.8968,72.982056,73.06875,73.156876,73.24644,73.337425,73.4298,73.52356,73.618675,73.715225,73.813255,73.912766,74.01374,74.11618,74.22006,74.32536,74.43206,74.540146,74.64962,74.76048,74.872734,74.98636,75.10134,-0.05985157,-0.060805537,-0.06177241,-0.06275147,-0.06374365,-0.06475005,-0.06576971,-0.066802174,-0.067848556,-0.06890942,-0.07005554,-0.0712354,-0.07243192,-0.073643684,-0.0748667,-0.07610151,-0.07737956,-0.07866447,-0.07995235,-0.0812297,-0.08251992,-0.083864674,-0.08525879,-0.0866914,-0.08812669
187,2015-09-05 00:03:07,72.56923,80.0,-0.057985418,72.649185,72.730415,72.812935,72.8968,72.982056,73.06875,73.156876,73.24644,73.337425,73.4298,73.52356,73.618675,73.715225,73.813255,73.912766,74.01374,74.11618,74.22006,74.32536,74.43206,74.540146,74.64962,74.76048,74.872734,74.98636,-0.05891198,-0.05985157,-0.060805537,-0.06177241,-0.06275147,-0.06374365,-0.06475005,-0.06576971,-0.066802174,-0.067848556,-0.06890942,-0.07005554,-0.0712354,-0.07243192,-0.073643684,-0.0748667,-0.07610151,-0.07737956,-0.07866447,-0.07995235,-0.0812297,-0.08251992,-0.083864674,-0.08525879,-0.0866914
188,2015-09-05 00:03:08,72.49056,80.0,-0.057071116,72.56923,72.649185,72.730415,72.812935,72.8968,72.982056,73.06875,73.156876,73.24644,73.337425,73.4298,73.52356,73.618675,73.715225,73.813255,73.912766,74.01374,74.11618,74.22006,74.32536,74.43206,74.540146,74.64962,74.76048,74.872734,-0.057985418,-0.05891198,-0.05985157,-0.060805537,-0.06177241,-0.06275147,-0.06374365,-0.06475005,-0.06576971,-0.066802174,-0.067848556,-0.06890942,-0.07005554,-0.0712354,-0.07243192,-0.073643684,-0.0748667,-0.07610151,-0.07737956,-0.07866447,-0.07995235,-0.0812297,-0.08251992,-0.083864674,-0.08525879
189,2015-09-05 00:03:09,72.413185,80.0,-0.056182325,72.49056,72.56923,72.649185,72.730415,72.812935,72.8968,72.982056,73.06875,73.156876,73.24644,73.337425,73.4298,73.52356,73.618675,73.715225,73.813255,73.912766,74.01374,74.11618,74.22006,74.32536,74.43206,74.540146,74.64962,74.76048,-0.057071116,-0.057985418,-0.05891198,-0.05985157,-0.060805537,-0.06177241,-0.06275147,-0.06374365,-0.06475005,-0.06576971,-0.066802174,-0.067848556,-0.06890942,-0.07005554,-0.0712354,-0.07243192,-0.073643684,-0.0748667,-0.07610151,-0.07737956,-0.07866447,-0.07995235,-0.0812297,-0.08251992,-0.083864674
190,2015-09-05 00:03:10,72.33708,80.0,-0.05530776,72.413185,72.49056,72.56923,72.649185,72.730415,72.812935,72.8968,72.982056,73.06875,73.156876,73.24644,73.337425,73.4298,73.52356,73.618675,73.715225,73.813255,73.912766,74.01374,74.11618,74.22006,74.32536,74.43206,74.540146,74.64962,-0.056182325,-0.057071116,-0.057985418,-0.05891198,-0.05985157,-0.060805537,-0.06177241,-0.06275147,-0.06374365,-0.06475005,-0.06576971,-0.066802174,-0.067848556,-0.06890942,-0.07005554,-0.0712354,-0.07243192,-0.073643684,-0.0748667,-0.07610151,-0.07737956,-0.07866447,-0.07995235,-0.0812297,-0.08251992
191,2015-09-05 00:03:11,72.262215,80.0,-0.054447576,72.33708,72.413185,72.49056,72.56923,72.649185,72.730415,72.812935,72.8968,72.982056,73.06875,73.156876,73.24644,73.337425,73.4298,73.52356,73.618675,73.715225,73.813255,73.912766,74.01374,74.11618,74.22006,74.32536,74.43206,74.540146,-0.05530776,-0.056182325,-0.057071116,-0.057985418,-0.05891198,-0.05985157,-0.060805537,-0.06177241,-0.06275147,-0.06374365,-0.06475005,-0.06576971,-0.066802174,-0.067848556,-0.06890942,-0.07005554,-0.0712354,-0.07243192,-0.073643684,-0.0748667,-0.07610151,-0.07737956,-0.07866447,-0.07995235,-0.0812297
192,2015-09-05 00:03:12,72.18857,80.0,-0.05360177,72.262215,72.33708,72.413185,72.49056,72.56923,72.649185,72.730415,72.812935,72.8968,72.982056,73.06875,73.156876,73.24644,73.337425,73.4298,73.52356,73.618675,73.715225,73.813255,73.912766,74.01374,74.11618,74.22006,74.32536,74.43206,-0.054447576,-0.05530776,-0.056182325,-0.057071116,-0.057985418,-0.05891198,-0.05985157,-0.060805537,-0.06177241,-0.06275147,-0.06374365,-0.06475005,-0.06576971,-0.066802174,-0.067848556,-0.06890942,-0.07005554,-0.0712354,-0.07243192,-0.073643684,-0.0748667,-0.07610151,-0.07737956,-0.07866447,-0.07995235
193,2015-09-05 00:03:13,72.116135,80.0,-0.05276838,72.18857,72.262215,72.33708,72.413185,72.49056,72.56923,72.649185,72.730415,72.812935,72.8968,72.982056,73.06875,73.156876,73.24644,73.337425,73.4298,73.52356,73.618675,73.715225,73.813255,73.912766,74.01374,74.11618,74.22006,74.32536,-0.05360177,-0.054447576,-0.05530776,-0.056182325,-0.057071116,-0.057985418,-0.05891198,-0.05985157,-0.060805537,-0.06177241,-0.06275147,-0.06374365,-0.06475005,-0.06576971,-0.066802174,-0.067848556,-0.06890942,-0.07005554,-0.0712354,-0.07243192,-0.073643684,-0.0748667,-0.07610151,-0.07737956,-0.07866447
194,2015-09-05 00:03:14,72.0449,80.0,-0.051948015,72.116135,72.18857,72.262215,72.33708,72.413185,72.49056,72.56923,72.649185,72.730415,72.812935,72.8968,72.982056,73.06875,73.156876,73.24644,73.337425,73.4298,73.52356,73.618675,73.715225,73.813255,73.912766,74.01374,74.11618,74.22006,-0.05276838,-0.05360177,-0.054447576,-0.05530776,-0.056182325,-0.057071116,-0.057985418,-0.05891198,-0.05985157,-0.060805537,-0.06177241,-0.06275147,-0.06374365,-0.06475005,-0.06576971,-0.066802174,-0.067848556,-0.06890942,-0.07005554,-0.0712354,-0.07243192,-0.073643684,-0.0748667,-0.07610151,-0.07737956
195,2015-09-05 00:03:15,71.974846,80.0,-0.05114022,72.0449,72.116135,72.18857,72.262215,72.33708,72.413185,72.49056,72.56923,72.649185,72.730415,72.812935,72.8968,72.982056,73.06875,73.156876,73.24644,73.337425,73.4298,73.52356,73.618675,73.715225,73.813255,73.912766,74.01374,74.11618,-0.051948015,-0.05276838,-0.05360177,-0.054447576,-0.05530776,-0.056182325,-0.057071116,-0.057985418,-0.05891198,-0.05985157,-0.060805537,-0.06177241,-0.06275147,-0.06374365,-0.06475005,-0.06576971,-0.066802174,-0.067848556,-0.06890942,-0.07005554,-0.0712354,-0.07243192,-0.073643684,-0.0748667,-0.07610151
196,2015-09-05 00:03:16,71.90594,80.0,-0.050346144,71.974846,72.0449,72.116135,72.18857,72.262215,72.33708,72.413185,72.49056,72.56923,72.649185,72.730415,72.812935,72.8968,72.982056,73.06875,73.156876,73.24644,73.337425,73.4298,73.52356,73.618675,73.715225,73.813255,73.912766,74.01374,-0.05114022,-0.051948015,-0.05276838,-0.05360177,-0.054447576,-0.05530776,-0.056182325,-0.057071116,-0.057985418,-0.05891198,-0.05985157,-0.060805537,-0.06177241,-0.06275147,-0.06374365,-0.06475005,-0.06576971,-0.066802174,-0.067848556,-0.06890942,-0.07005554,-0.0712354,-0.07243192,-0.073643684,-0.0748667
197,2015-09-05 00:03:17,71.83809,80.0,-0.049564634,71.90594,71.974846,72.0449,72.116135,72.18857,72.262215,72.33708,72.413185,72.49056,72.56923,72.649185,72.730415,72.812935,72.8968,72.982056,73.06875,73.156876,73.24644,73.337425,73.4298,73.52356,73.618675,73.715225,73.813255,73.912766,-0.050346144,-0.05114022,-0.051948015,-0.05276838,-0.05360177,-0.054447576,-0.05530776,-0.056182325,-0.057071116,-0.057985418,-0.05891198,-0.05985157,-0.060805537,-0.06177241,-0.06275147,-0.06374365,-0.06475005,-0.06576971,-0.066802174,-0.067848556,-0.06890942,-0.07005554,-0.0712354,-0.07243192,-0.073643684
198,2015-09-05 00:03:18,71.771286,80.0,-0.048795696,71.83809,71.90594,71.974846,72.0449,72.116135,72.18857,72.262215,72.33708,72.413185,72.49056,72.56923,72.649185,72.730415,72.812935,72.8968,72.982056,73.06875,73.156876,73.24644,73.337425,73.4298,73.52356,73.618675,73.715225,73.813255,-0.049564634,-0.050346144,-0.05114022,-0.051948015,-0.05276838,-0.05360177,-0.054447576,-0.05530776,-0.056182325,-0.057071116,-0.057985418,-0.05891198,-0.05985157,-0.060805537,-0.06177241,-0.06275147,-0.06374365,-0.06475005,-0.06576971,-0.066802174,-0.067848556,-0.06890942,-0.07005554,-0.0712354,-0.07243192
199,2015-09-05 00:03:19,71.70551,80.0,-0.048040368,71.771286,71.83809,71.90594,71.974846,72.0449,72.116135,72.18857,72.262215,72.33708,72.413185,72.49056,72.56923,72.649185,72.730415,72.812935,72.8968,72.982056,73.06875,73.156876,73.24644,73.337425,73.4298,73.52356,73.618675,73.715225,-0.048795696,-0.049564634,-0.050346144,-0.05114022,-0.051948015,-0.05276838,-0.05360177,-0.054447576,-0.05530776,-0.056182325,-0.057071116,-0.057985418,-0.05891198,-0.05985157,-0.060805537,-0.06177241,-0.06275147,-0.06374365,-0.06475005,-0.06576971,-0.066802174,-0.067848556,-0.06890942,-0.07005554,-0.0712354
200,2015-09-05 00:03:20,71.64076,80.0,-0.047296442,71.70551,71.771286,71.83809,71.90594,71.974846,72.0449,72.116135,72.18857,72.262215,72.33708,72.413185,72.49056,72.56923,72.649185,72.730415,72.812935,72.8968,72.982056,73.06875,73.156876,73.24644,73.337425,73.4298,73.52356,73.618675,-0.048040368,-0.048795696,-0.049564634,-0.050346144,-0.05114022,-0.051948015,-0.05276838,-0.05360177,-0.054447576,-0.05530776,-0.056182325,-0.057071116,-0.057985418,-0.05891198,-0.05985157,-0.060805537,-0.06177241,-0.06275147,-0.06374365,-0.06475005,-0.06576971,-0.066802174,-0.067848556,-0.06890942,-0.07005554
201,2015-09-05 00:03:21,71.57702,80.0,-0.04656491,71.64076,71.70551,71.771286,71.83809,71.90594,71.974846,72.0449,72.116135,72.18857,72.262215,72.33708,72.413185,72.49056,72.56923,72.649185,72.730415,72.812935,72.8968,72.982056,73.06875,73.156876,73.24644,73.337425,73.4298,73.52356,-0.047296442,-0.048040368,-0.048795696,-0.049564634,-0.050346144,-0.05114022,-0.051948015,-0.05276838,-0.05360177,-0.054447576,-0.05530776,-0.056182325,-0.057071116,-0.057985418,-0.05891198,-0.05985157,-0.060805537,-0.06177241,-0.06275147,-0.06374365,-0.06475005,-0.06576971,-0.066802174,-0.067848556,-0.06890942
202,2015-09-05 00:03:22,71.51427,80.0,-0.04584699,71.57702,71.64076,71.70551,71.771286,71.83809,71.90594,71.974846,72.0449,72.116135,72.18857,72.262215,72.33708,72.413185,72.49056,72.56923,72.649185,72.730415,72.812935,72.8968,72.982056,73.06875,73.156876,73.24644,73.337425,73.4298,-0.04656491,-0.047296442,-0.048040368,-0.048795696,-0.049564634,-0.050346144,-0.05114022,-0.051948015,-0.05276838,-0.05360177,-0.054447576,-0.05530776,-0.056182325,-0.057071116,-0.057985418,-0.05891198,-0.05985157,-0.060805537,-0.06177241,-0.06275147,-0.06374365,-0.06475005,-0.06576971,-0.066802174,-0.067848556
203,2015-09-05 00:03:23,71.45249,80.0,-0.04514157,71.51427,71.57702,71.64076,71.70551,71.771286,71.83809,71.90594,71.974846,72.0449,72.116135,72.18857,72.262215,72.33708,72.413185,72.49056,72.56923,72.649185,72.730415,72.812935,72.8968,72.982056,73.06875,73.156876,73.24644,73.337425,-0.04584699,-0.04656491,-0.047296442,-0.048040368,-0.048795696,-0.049564634,-0.050346144,-0.05114022,-0.051948015,-0.05276838,-0.05360177,-0.054447576,-0.05530776,-0.056182325,-0.057071116,-0.057985418,-0.05891198,-0.05985157,-0.060805537,-0.06177241,-0.06275147,-0.06374365,-0.06475005,-0.06576971,-0.066802174
204,2015-09-05 00:03:24,71.391685,80.0,-0.044448286,71.45249,71.51427,71.57702,71.64076,71.70551,71.771286,71.83809,71.90594,71.974846,72.0449,72.116135,72.18857,72.262215,72.33708,72.413185,72.49056,72.56923,72.649185,72.730415,72.812935,72.8968,72.982056,73.06875,73.156876,73.24644,-0.04514157,-0.04584699,-0.04656491,-0.047296442,-0.048040368,-0.048795696,-0.049564634,-0.050346144,-0.05114022,-0.051948015,-0.05276838,-0.05360177,-0.054447576,-0.05530776,-0.056182325,-0.057071116,-0.057985418,-0.05891198,-0.05985157,-0.060805537,-0.06177241,-0.06275147,-0.06374365,-0.06475005,-0.06576971
205,2015-09-05 00:03:25,71.33183,80.0,-0.043766446,71.391685,71.45249,71.51427,71.57702,71.64076,71.70551,71.771286,71.83809,71.90594,71.974846,72.0449,72.116135,72.18857,72.262215,72.33708,72.413185,72.49056,72.56923,72.649185,72.730415,72.812935,72.8968,72.982056,73.06875,73.156876,-0.044448286,-0.04514157,-0.04584699,-0.04656491,-0.047296442,-0.048040368,-0.048795696,-0.049564634,-0.050346144,-0.05114022,-0.051948015,-0.05276838,-0.05360177,-0.054447576,-0.05530776,-0.056182325,-0.057071116,-0.057985418,-0.05891198,-0.05985157,-0.060805537,-0.06177241,-0.06275147,-0.06374365,-0.06475005
206,2015-09-05 00:03:26,71.27292,80.0,-0.043111738,71.33183,71.391685,71.45249,71.51427,71.57702,71.64076,71.70551,71.771286,71.83809,71.90594,71.974846,72.0449,72.116135,72.18857,72.262215,72.33708,72.413185,72.49056,72.56923,72.649185,72.730415,72.812935,72.8968,72.982056,73.06875,-0.043766446,-0.044448286,-0.04514157,-0.04584699,-0.04656491,-0.047296442,-0.048040368,-0.048795696,-0.049564634,-0.050346144,-0.05114022,-0.051948015,-0.05276838,-0.05360177,-0.054447576,-0.05530776,-0.056182325,-0.057071116,-0.057985418,-0.05891198,-0.05985157,-0.060805537,-0.06177241,-0.06275147,-0.06374365
207,2015-09-05 00:03:27,71.214935,80.0,-0.042468846,71.27292,71.33183,71.391685,71.45249,71.51427,71.57702,71.64076,71.70551,71.771286,71.83809,71.90594,71.974846,72.0449,72.116135,72.18857,72.262215,72.33708,72.413185,72.49056,72.56923,72.649185,72.730415,72.812935,72.8968,72.982056,-0.043111738,-0.043766446,-0.044448286,-0.04514157,-0.04584699,-0.04656491,-0.047296442,-0.048040368,-0.048795696,-0.049564634,-0.050346144,-0.05114022,-0.051948015,-0.05276838,-0.05360177,-0.054447576,-0.05530776,-0.056182325,-0.057071116,-0.057985418,-0.05891198,-0.05985157,-0.060805537,-0.06177241,-0.06275147
208,2015-09-05 00:03:28,71.15787,80.0,-0.041835725,71.214935,71.27292,71.33183,71.391685,71.45249,71.51427,71.57702,71.64076,71.70551,71.771286,71.83809,71.90594,71.974846,72.0449,72.116135,72.18857,72.262215,72.33708,72.413185,72.49056,72.56923,72.649185,72.730415,72.812935,72.8968,-0.042468846,-0.043111738,-0.043766446,-0.044448286,-0.04514157,-0.04584699,-0.04656491,-0.047296442,-0.048040368,-0.048795696,-0.049564634,-0.050346144,-0.05114022,-0.051948015,-0.05276838,-0.05360177,-0.054447576,-0.05530776,-0.056182325,-0.057071116,-0.057985418,-0.05891198,-0.05985157,-0.060805537,-0.06177241
209,2015-09-05 00:03:29,71.101685,80.0,-0.041212387,71.15787,71.214935,71.27292,71.33183,71.391685,71.45249,71.51427,71.57702,71.64076,71.70551,71.771286,71.83809,71.90594,71.974846,72.0449,72.116135,72.18857,72.262215,72.33708,72.413185,72.49056,72.56923,72.649185,72.730415,72.812935,-0.041835725,-0.042468846,-0.043111738,-0.043766446,-0.044448286,-0.04514157,-0.04584699,-0.04656491,-0.047296442,-0.048040368,-0.048795696,-0.049564634,-0.050346144,-0.05114022,-0.051948015,-0.05276838,-0.05360177,-0.054447576,-0.05530776,-0.056182325,-0.057071116,-0.057985418,-0.05891198,-0.05985157,-0.060805537
210,2015-09-05 00:03:30,71.04638,80.0,-0.040598683,71.101685,71.15787,71.214935,71.27292,71.33183,71.391685,71.45249,71.51427,71.57702,71.64076,71.70551,71.771286,71.83809,71.90594,71.974846,72.0449,72.116135,72.18857,72.262215,72.33708,72.413185,72.49056,72.56923,72.649185,72.730415,-0.041212387,-0.041835725,-0.042468846,-0.043111738,-0.043766446,-0.044448286,-0.04514157,-0.04584699,-0.04656491,-0.047296442,-0.048040368,-0.048795696,-0.049564634,-0.050346144,-0.05114022,-0.051948015,-0.05276838,-0.05360177,-0.054447576,-0.05530776,-0.056182325,-0.057071116,-0.057985418,-0.05891198,-0.05985157
211,2015-09-05 00:03:31,70.99193,80.0,-0.03999506,71.04638,71.101685,71.15787,71.214935,71.27292,71.33183,71.391685,71.45249,71.51427,71.57702,71.64076,71.70551,71.771286,71.83809,71.90594,71.974846,72.0449,72.116135,72.18857,72.262215,72.33708,72.413185,72.49056,72.56923,72.649185,-0.040598683,-0.041212387,-0.041835725,-0.042468846,-0.043111738,-0.043766446,-0.044448286,-0.04514157,-0.04584699,-0.04656491,-0.047296442,-0.048040368,-0.048795696,-0.049564634,-0.050346144,-0.05114022,-0.051948015,-0.05276838,-0.05360177,-0.054447576,-0.05530776,-0.056182325,-0.057071116,-0.057985418,-0.05891198
212,2015-09-05 00:03:32,70.938324,80.0,-0.03940116,70.99193,71.04638,71.101685,71.15787,71.214935,71.27292,71.33183,71.391685,71.45249,71.51427,71.57702,71.64076,71.70551,71.771286,71.83809,71.90594,71.974846,72.0449,72.116135,72.18857,72.262215,72.33708,72.413185,72.49056,72.56923,-0.03999506,-0.040598683,-0.041212387,-0.041835725,-0.042468846,-0.043111738,-0.043766446,-0.044448286,-0.04514157,-0.04584699,-0.04656491,-0.047296442,-0.048040368,-0.048795696,-0.049564634,-0.050346144,-0.05114022,-0.051948015,-0.05276838,-0.05360177,-0.054447576,-0.05530776,-0.056182325,-0.057071116,-0.057985418
213,2015-09-05 00:03:33,70.88556,80.0,-0.038816404,70.938324,70.99193,71.04638,71.101685,71.15787,71.214935,71.27292,71.33183,71.391685,71.45249,71.51427,71.57702,71.64076,71.70551,71.771286,71.83809,71.90594,71.974846,72.0449,72.116135,72.18857,72.262215,72.33708,72.413185,72.49056,-0.03940116,-0.03999506,-0.040598683,-0.041212387,-0.041835725,-0.042468846,-0.043111738,-0.043766446,-0.044448286,-0.04514157,-0.04584699,-0.04656491,-0.047296442,-0.048040368,-0.048795696,-0.049564634,-0.050346144,-0.05114022,-0.051948015,-0.05276838,-0.05360177,-0.054447576,-0.05530776,-0.056182325,-0.057071116
214,2015-09-05 00:03:34,70.83361,80.0,-0.03824094,70.88556,70.938324,70.99193,71.04638,71.101685,71.15787,71.214935,71.27292,71.33183,71.391685,71.45249,71.51427,71.57702,71.64076,71.70551,71.771286,71.83809,71.90594,71.974846,72.0449,72.116135,72.18857,72.262215,72.33708,72.413185,-0.038816404,-0.03940116,-0.03999506,-0.040598683,-0.041212387,-0.041835725,-0.042468846,-0.043111738,-0.043766446,-0.044448286,-0.04514157,-0.04584699,-0.04656491,-0.047296442,-0.048040368,-0.048795696,-0.049564634,-0.050346144,-0.05114022,-0.051948015,-0.05276838,-0.05360177,-0.054447576,-0.05530776,-0.056182325
215,2015-09-05 00:03:35,70.78247,80.0,-0.03767533,70.83361,70.88556,70.938324,70.99193,71.04638,71.101685,71.15787,71.214935,71.27292,71.33183,71.391685,71.45249,71.51427,71.57702,71.64076,71.70551,71.771286,71.83809,71.90594,71.974846,72.0449,72.116135,72.18857,72.262215,72.33708,-0.03824094,-0.038816404,-0.03940116,-0.03999506,-0.040598683,-0.041212387,-0.041835725,-0.042468846,-0.043111738,-0.043766446,-0.044448286,-0.04514157,-0.04584699,-0.04656491,-0.047296442,-0.048040368,-0.048795696,-0.049564634,-0.050346144,-0.05114022,-0.051948015,-0.05276838,-0.05360177,-0.054447576,-0.05530776
216,2015-09-05 00:03:36,70.732124,80.0,-0.037121072,70.78247,70.83361,70.88556,70.938324,70.99193,71.04638,71.101685,71.15787,71.214935,71.27292,71.33183,71.391685,71.45249,71.51427,71.57702,71.64076,71.70551,71.771286,71.83809,71.90594,71.974846,72.0449,72.116135,72.18857,72.262215,-0.03767533,-0.03824094,-0.038816404,-0.03940116,-0.03999506,-0.040598683,-0.041212387,-0.041835725,-0.042468846,-0.043111738,-0.043766446,-0.044448286,-0.04514157,-0.04584699,-0.04656491,-0.047296442,-0.048040368,-0.048795696,-0.049564634,-0.050346144,-0.05114022,-0.051948015,-0.05276838,-0.05360177,-0.054447576
217,2015-09-05 00:03:37,70.682556,80.0,-0.03657531,70.732124,70.78247,70.83361,70.88556,70.938324,70.99193,71.04638,71.101685,71.15787,71.214935,71.27292,71.33183,71.391685,71.45249,71.51427,71.57702,71.64076,71.70551,71.771286,71.83809,71.90594,71.974846,72.0449,72.116135,72.18857,-0.037121072,-0.03767533,-0.03824094,-0.038816404,-0.03940116,-0.03999506,-0.040598683,-0.041212387,-0.041835725,-0.042468846,-0.043111738,-0.043766446,-0.044448286,-0.04514157,-0.04584699,-0.04656491,-0.047296442,-0.048040368,-0.048795696,-0.049564634,-0.050346144,-0.05114022,-0.051948015,-0.05276838,-0.05360177
218,2015-09-05 00:03:38,70.63376,80.0,-0.036038287,70.682556,70.732124,70.78247,70.83361,70.88556,70.938324,70.99193,71.04638,71.101685,71.15787,71.214935,71.27292,71.33183,71.391685,71.45249,71.51427,71.57702,71.64076,71.70551,71.771286,71.83809,71.90594,71.974846,72.0449,72.116135,-0.03657531,-0.037121072,-0.03767533,-0.03824094,-0.038816404,-0.03940116,-0.03999506,-0.040598683,-0.041212387,-0.041835725,-0.042468846,-0.043111738,-0.043766446,-0.044448286,-0.04514157,-0.04584699,-0.04656491,-0.047296442,-0.048040368,-0.048795696,-0.049564634,-0.050346144,-0.05114022,-0.051948015,-0.05276838
219,2015-09-05 00:03:39,70.58572,80.0,-0.035509467,70.63376,70.682556,70.732124,70.78247,70.83361,70.88556,70.938324,70.99193,71.04638,71.101685,71.15787,71.214935,71.27292,71.33183,71.391685,71.45249,71.51427,71.57702,71.64076,71.70551,71.771286,71.83809,71.90594,71.974846,72.0449,-0.036038287,-0.03657531,-0.037121072,-0.03767533,-0.03824094,-0.038816404,-0.03940116,-0.03999506,-0.040598683,-0.041212387,-0.041835725,-0.042468846,-0.043111738,-0.043766446,-0.044448286,-0.04514157,-0.04584699,-0.04656491,-0.047296442,-0.048040368,-0.048795696,-0.049564634,-0.050346144,-0.05114022,-0.051948015
220,2015-09-05 00:03:40,70.53842,80.0,-0.034989007,70.58572,70.63376,70.682556,70.732124,70.78247,70.83361,70.88556,70.938324,70.99193,71.04638,71.101685,71.15787,71.214935,71.27292,71.33183,71.391685,71.45249,71.51427,71.57702,71.64076,71.70551,71.771286,71.83809,71.90594,71.974846,-0.035509467,-0.036038287,-0.03657531,-0.037121072,-0.03767533,-0.03824094,-0.038816404,-0.03940116,-0.03999506,-0.040598683,-0.041212387,-0.041835725,-0.042468846,-0.043111738,-0.043766446,-0.044448286,-0.04514157,-0.04584699,-0.04656491,-0.047296442,-0.048040368,-0.048795696,-0.049564634,-0.050346144,-0.05114022
221,2015-09-05 00:03:41,70.49186,80.0,-0.034476314,70.53842,70.58572,70.63376,70.682556,70.732124,70.78247,70.83361,70.88556,70.938324,70.99193,71.04638,71.101685,71.15787,71.214935,71.27292,71.33183,71.391685,71.45249,71.51427,71.57702,71.64076,71.70551,71.771286,71.83809,71.90594,-0.034989007,-0.035509467,-0.036038287,-0.03657531,-0.037121072,-0.03767533,-0.03824094,-0.038816404,-0.03940116,-0.03999506,-0.040598683,-0.041212387,-0.041835725,-0.042468846,-0.043111738,-0.043766446,-0.044448286,-0.04514157,-0.04584699,-0.04656491,-0.047296442,-0.048040368,-0.048795696,-0.049564634,-0.050346144
222,2015-09-05 00:03:42,70.446014,80.0,-0.03397163,70.49186,70.53842,70.58572,70.63376,70.682556,70.732124,70.78247,70.83361,70.88556,70.938324,70.99193,71.04638,71.101685,71.15787,71.214935,71.27292,71.33183,71.391685,71.45249,71.51427,71.57702,71.64076,71.70551,71.771286,71.83809,-0.034476314,-0.034989007,-0.035509467,-0.036038287,-0.03657531,-0.037121072,-0.03767533,-0.03824094,-0.038816404,-0.03940116,-0.03999506,-0.040598683,-0.041212387,-0.041835725,-0.042468846,-0.043111738,-0.043766446,-0.044448286,-0.04514157,-0.04584699,-0.04656491,-0.047296442,-0.048040368,-0.048795696,-0.049564634
223,2015-09-05 00:03:43,70.40087,80.0,-0.033474565,70.446014,70.49186,70.53842,70.58572,70.63376,70.682556,70.732124,70.78247,70.83361,70.88556,70.938324,70.99193,71.04638,71.101685,71.15787,71.214935,71.27292,71.33183,71.391685,71.45249,71.51427,71.57702,71.64076,71.70551,71.771286,-0.03397163,-0.034476314,-0.034989007,-0.035509467,-0.036038287,-0.03657531,-0.037121072,-0.03767533,-0.03824094,-0.038816404,-0.03940116,-0.03999506,-0.040598683,-0.041212387,-0.041835725,-0.042468846,-0.043111738,-0.043766446,-0.044448286,-0.04514157,-0.04584699,-0.04656491,-0.047296442,-0.048040368,-0.048795696
224,2015-09-05 00:03:44,70.35642,80.0,-0.032985702,70.40087,70.446014,70.49186,70.53842,70.58572,70.63376,70.682556,70.732124,70.78247,70.83361,70.88556,70.938324,70.99193,71.04638,71.101685,71.15787,71.214935,71.27292,71.33183,71.391685,71.45249,71.51427,71.57702,71.64076,71.70551,-0.033474565,-0.03397163,-0.034476314,-0.034989007,-0.035509467,-0.036038287,-0.03657531,-0.037121072,-0.03767533,-0.03824094,-0.038816404,-0.03940116,-0.03999506,-0.040598683,-0.041212387,-0.041835725,-0.042468846,-0.043111738,-0.043766446,-0.044448286,-0.04514157,-0.04584699,-0.04656491,-0.047296442,-0.048040368
225,2015-09-05 00:03:45,70.31265,80.0,-0.0325045,70.35642,70.40087,70.446014,70.49186,70.53842,70.58572,70.63376,70.682556,70.732124,70.78247,70.83361,70.88556,70.938324,70.99193,71.04638,71.101685,71.15787,71.214935,71.27292,71.33183,71.391685,71.45249,71.51427,71.57702,71.64076,-0.032985702,-0.033474565,-0.03397163,-0.034476314,-0.034989007,-0.035509467,-0.036038287,-0.03657531,-0.037121072,-0.03767533,-0.03824094,-0.038816404,-0.03940116,-0.03999506,-0.040598683,-0.041212387,-0.041835725,-0.042468846,-0.043111738,-0.043766446,-0.044448286,-0.04514157,-0.04584699,-0.04656491,-0.047296442
226,2015-09-05 00:03:46,70.26954,80.0,-0.032030392,70.31265,70.35642,70.40087,70.446014,70.49186,70.53842,70.58572,70.63376,70.682556,70.732124,70.78247,70.83361,70.88556,70.938324,70.99193,71.04638,71.101685,71.15787,71.214935,71.27292,71.33183,71.391685,71.45249,71.51427,71.57702,-0.0325045,-0.032985702,-0.033474565,-0.03397163,-0.034476314,-0.034989007,-0.035509467,-0.036038287,-0.03657531,-0.037121072,-0.03767533,-0.03824094,-0.038816404,-0.03940116,-0.03999506,-0.040598683,-0.041212387,-0.041835725,-0.042468846,-0.043111738,-0.043766446,-0.044448286,-0.04514157,-0.04584699,-0.04656491
227,2015-09-05 00:03:47,70.22707,80.0,-0.03156434,70.26954,70.31265,70.35642,70.40087,70.446014,70.49186,70.53842,70.58572,70.63376,70.682556,70.732124,70.78247,70.83361,70.88556,70.938324,70.99193,71.04638,71.101685,71.15787,71.214935,71.27292,71.33183,71.391685,71.45249,71.51427,-0.032030392,-0.0325045,-0.032985702,-0.033474565,-0.03397163,-0.034476314,-0.034989007,-0.035509467,-0.036038287,-0.03657531,-0.037121072,-0.03767533,-0.03824094,-0.038816404,-0.03940116,-0.03999506,-0.040598683,-0.041212387,-0.041835725,-0.042468846,-0.043111738,-0.043766446,-0.044448286,-0.04514157,-0.04584699
228,2015-09-05 00:03:48,70.18524,80.0,-0.031105518,70.22707,70.26954,70.31265,70.35642,70.40087,70.446014,70.49186,70.53842,70.58572,70.63376,70.682556,70.732124,70.78247,70.83361,70.88556,70.938324,70.99193,71.04638,71.101685,71.15787,71.214935,71.27292,71.33183,71.391685,71.45249,-0.03156434,-0.032030392,-0.0325045,-0.032985702,-0.033474565,-0.03397163,-0.034476314,-0.034989007,-0.035509467,-0.036038287,-0.03657531,-0.037121072,-0.03767533,-0.03824094,-0.038816404,-0.03940116,-0.03999506,-0.040598683,-0.041212387,-0.041835725,-0.042468846,-0.043111738,-0.043766446,-0.044448286,-0.04514157
229,2015-09-05 00:03:49,70.14403,80.0,-0.030654259,70.18524,70.22707,70.26954,70.31265,70.35642,70.40087,70.446014,70.49186,70.53842,70.58572,70.63376,70.682556,70.732124,70.78247,70.83361,70.88556,70.938324,70.99193,71.04638,71.101685,71.15787,71.214935,71.27292,71.33183,71.391685,-0.031105518,-0.03156434,-0.032030392,-0.0325045,-0.032985702,-0.033474565,-0.03397163,-0.034476314,-0.034989007,-0.035509467,-0.036038287,-0.03657531,-0.037121072,-0.03767533,-0.03824094,-0.038816404,-0.03940116,-0.03999506,-0.040598683,-0.041212387,-0.041835725,-0.042468846,-0.043111738,-0.043766446,-0.044448286
230,2015-09-05 00:03:50,70.10343,80.0,-0.030209556,70.14403,70.18524,70.22707,70.26954,70.31265,70.35642,70.40087,70.446014,70.49186,70.53842,70.58572,70.63376,70.682556,70.732124,70.78247,70.83361,70.88556,70.938324,70.99193,71.04638,71.101685,71.15787,71.214935,71.27292,71.33183,-0.030654259,-0.031105518,-0.03156434,-0.032030392,-0.0325045,-0.032985702,-0.033474565,-0.03397163,-0.034476314,-0.034989007,-0.035509467,-0.036038287,-0.03657531,-0.037121072,-0.03767533,-0.03824094,-0.038816404,-0.03940116,-0.03999506,-0.040598683,-0.041212387,-0.041835725,-0.042468846,-0.043111738,-0.043766446
231,2015-09-05 00:03:51,70.06344,80.0,-0.029772319,70.10343,70.14403,70.18524,70.22707,70.26954,70.31265,70.35642,70.40087,70.446014,70.49186,70.53842,70.58572,70.63376,70.682556,70.732124,70.78247,70.83361,70.88556,70.938324,70.99193,71.04638,71.101685,71.15787,71.214935,71.27292,-0.030209556,-0.030654259,-0.031105518,-0.03156434,-0.032030392,-0.0325045,-0.032985702,-0.033474565,-0.03397163,-0.034476314,-0.034989007,-0.035509467,-0.036038287,-0.03657531,-0.037121072,-0.03767533,-0.03824094,-0.038816404,-0.03940116,-0.03999506,-0.040598683,-0.041212387,-0.041835725,-0.042468846,-0.043111738
232,2015-09-05 00:03:52,70.02404,80.0,-0.029342163,70.06344,70.10343,70.14403,70.18524,70.22707,70.26954,70.31265,70.35642,70.40087,70.446014,70.49186,70.53842,70.58572,70.63376,70.682556,70.732124,70.78247,70.83361,70.88556,70.938324,70.99193,71.04638,71.101685,71.15787,71.214935,-0.029772319,-0.030209556,-0.030654259,-0.031105518,-0.03156434,-0.032030392,-0.0325045,-0.032985702,-0.033474565,-0.03397163,-0.034476314,-0.034989007,-0.035509467,-0.036038287,-0.03657531,-0.037121072,-0.03767533,-0.03824094,-0.038816404,-0.03940116,-0.03999506,-0.040598683,-0.041212387,-0.041835725,-0.042468846
233,2015-09-05 00:03:53,69.98522,80.0,-0.028918412,70.02404,70.06344,70.10343,70.14403,70.18524,70.22707,70.26954,70.31265,70.35642,70.40087,70.446014,70.49186,70.53842,70.58572,70.63376,70.682556,70.732124,70.78247,70.83361,70.88556,70.938324,70.99193,71.04638,71.101685,71.15787,-0.029342163,-0.029772319,-0.030209556,-0.030654259,-0.031105518,-0.03156434,-0.032030392,-0.0325045,-0.032985702,-0.033474565,-0.03397163,-0.034476314,-0.034989007,-0.035509467,-0.036038287,-0.03657531,-0.037121072,-0.03767533,-0.03824094,-0.038816404,-0.03940116,-0.03999506,-0.040598683,-0.041212387,-0.041835725
234,2015-09-05 00:03:54,69.94698,80.0,-0.028501838,69.98522,70.02404,70.06344,70.10343,70.14403,70.18524,70.22707,70.26954,70.31265,70.35642,70.40087,70.446014,70.49186,70.53842,70.58572,70.63376,70.682556,70.732124,70.78247,70.83361,70.88556,70.938324,70.99193,71.04638,71.101685,-0.028918412,-0.029342163,-0.029772319,-0.030209556,-0.030654259,-0.031105518,-0.03156434,-0.032030392,-0.0325045,-0.032985702,-0.033474565,-0.03397163,-0.034476314,-0.034989007,-0.035509467,-0.036038287,-0.03657531,-0.037121072,-0.03767533,-0.03824094,-0.038816404,-0.03940116,-0.03999506,-0.040598683,-0.041212387
235,2015-09-05 00:03:55,69.90931,80.0,-0.028091073,69.94698,69.98522,70.02404,70.06344,70.10343,70.14403,70.18524,70.22707,70.26954,70.31265,70.35642,70.40087,70.446014,70.49186,70.53842,70.58572,70.63376,70.682556,70.732124,70.78247,70.83361,70.88556,70.938324,70.99193,71.04638,-0.028501838,-0.028918412,-0.029342163,-0.029772319,-0.030209556,-0.030654259,-0.031105518,-0.03156434,-0.032030392,-0.0325045,-0.032985702,-0.033474565,-0.03397163,-0.034476314,-0.034989007,-0.035509467,-0.036038287,-0.03657531,-0.037121072,-0.03767533,-0.03824094,-0.038816404,-0.03940116,-0.03999506,-0.040598683
236,2015-09-05 00:03:56,69.872185,80.0,-0.027690977,69.90931,69.94698,69.98522,70.02404,70.06344,70.10343,70.14403,70.18524,70.22707,70.26954,70.31265,70.35642,70.40087,70.446014,70.49186,70.53842,70.58572,70.63376,70.682556,70.732124,70.78247,70.83361,70.88556,70.938324,70.99193,-0.028091073,-0.028501838,-0.028918412,-0.029342163,-0.029772319,-0.030209556,-0.030654259,-0.031105518,-0.03156434,-0.032030392,-0.0325045,-0.032985702,-0.033474565,-0.03397163,-0.034476314,-0.034989007,-0.035509467,-0.036038287,-0.03657531,-0.037121072,-0.03767533,-0.03824094,-0.038816404,-0.03940116,-0.03999506
237,2015-09-05 00:03:57,69.83561,80.0,-0.02731023,69.872185,69.90931,69.94698,69.98522,70.02404,70.06344,70.10343,70.14403,70.18524,70.22707,70.26954,70.31265,70.35642,70.40087,70.446014,70.49186,70.53842,70.58572,70.63376,70.682556,70.732124,70.78247,70.83361,70.88556,70.938324,-0.027690977,-0.028091073,-0.028501838,-0.028918412,-0.029342163,-0.029772319,-0.030209556,-0.030654259,-0.031105518,-0.03156434,-0.032030392,-0.0325045,-0.032985702,-0.033474565,-0.03397163,-0.034476314,-0.034989007,-0.035509467,-0.036038287,-0.03657531,-0.037121072,-0.03767533,-0.03824094,-0.038816404,-0.03940116
238,2015-09-05 00:03:58,69.79957,80.0,-0.026935704,69.83561,69.872185,69.90931,69.94698,69.98522,70.02404,70.06344,70.10343,70.14403,70.18524,70.22707,70.26954,70.31265,70.35642,70.40087,70.446014,70.49186,70.53842,70.58572,70.63376,70.682556,70.732124,70.78247,70.83361,70.88556,-0.02731023,-0.027690977,-0.028091073,-0.028501838,-0.028918412,-0.029342163,-0.029772319,-0.030209556,-0.030654259,-0.031105518,-0.03156434,-0.032030392,-0.0325045,-0.032985702,-0.033474565,-0.03397163,-0.034476314,-0.034989007,-0.035509467,-0.036038287,-0.03657531,-0.037121072,-0.03767533,-0.03824094,-0.038816404
239,2015-09-05 00:03:59,69.76406,80.0,-0.026567057,69.79957,69.83561,69.872185,69.90931,69.94698,69.98522,70.02404,70.06344,70.10343,70.14403,70.18524,70.22707,70.26954,70.31265,70.35642,70.40087,70.446014,70.49186,70.53842,70.58572,70.63376,70.682556,70.732124,70.78247,70.83361,-0.026935704,-0.02731023,-0.027690977,-0.028091073,-0.028501838,-0.028918412,-0.029342163,-0.029772319,-0.030209556,-0.030654259,-0.031105518,-0.03156434,-0.032030392,-0.0325045,-0.032985702,-0.033474565,-0.03397163,-0.034476314,-0.034989007,-0.035509467,-0.036038287,-0.03657531,-0.037121072,-0.03767533,-0.03824094
240,2015-09-05 00:04:00,69.72907,80.0,-0.026203737,69.76406,69.79957,69.83561,69.872185,69.90931,69.94698,69.98522,70.02404,70.06344,70.10343,70.14403,70.18524,70.22707,70.26954,70.31265,70.35642,70.40087,70.446014,70.49186,70.53842,70.58572,70.63376,70.682556,70.732124,70.78247,-0.026567057,-0.026935704,-0.02731023,-0.027690977,-0.028091073,-0.028501838,-0.028918412,-0.029342163,-0.029772319,-0.030209556,-0.030654259,-0.031105518,-0.03156434,-0.032030392,-0.0325045,-0.032985702,-0.033474565,-0.03397163,-0.034476314,-0.034989007,-0.035509467,-0.036038287,-0.03657531,-0.037121072,-0.03767533
241,2015-09-05 00:04:01,69.694595,80.0,-0.02584593,69.72907,69.76406,69.79957,69.83561,69.872185,69.90931,69.94698,69.98522,70.02404,70.06344,70.10343,70.14403,70.18524,70.22707,70.26954,70.31265,70.35642,70.40087,70.446014,70.49186,70.53842,70.58572,70.63376,70.682556,70.732124,-0.026203737,-0.026567057,-0.026935704,-0.02731023,-0.027690977,-0.028091073,-0.028501838,-0.028918412,-0.029342163,-0.029772319,-0.030209556,-0.030654259,-0.031105518,-0.03156434,-0.032030392,-0.0325045,-0.032985702,-0.033474565,-0.03397163,-0.034476314,-0.034989007,-0.035509467,-0.036038287,-0.03657531,-0.037121072
242,2015-09-05 00:04:02,69.66062,80.0,-0.025493667,69.694595,69.72907,69.76406,69.79957,69.83561,69.872185,69.90931,69.94698,69.98522,70.02404,70.06344,70.10343,70.14403,70.18524,70.22707,70.26954,70.31265,70.35642,70.40087,70.446014,70.49186,70.53842,70.58572,70.63376,70.682556,-0.02584593,-0.026203737,-0.026567057,-0.026935704,-0.02731023,-0.027690977,-0.028091073,-0.028501838,-0.028918412,-0.029342163,-0.029772319,-0.030209556,-0.030654259,-0.031105518,-0.03156434,-0.032030392,-0.0325045,-0.032985702,-0.033474565,-0.03397163,-0.034476314,-0.034989007,-0.035509467,-0.036038287,-0.03657531
243,2015-09-05 00:04:03,69.627144,80.0,-0.025146693,69.66062,69.694595,69.72907,69.76406,69.79957,69.83561,69.872185,69.90931,69.94698,69.98522,70.02404,70.06344,70.10343,70.14403,70.18524,70.22707,70.26954,70.31265,70.35642,70.40087,70.446014,70.49186,70.53842,70.58572,70.63376,-0.025493667,-0.02584593,-0.026203737,-0.026567057,-0.026935704,-0.02731023,-0.027690977,-0.028091073,-0.028501838,-0.028918412,-0.029342163,-0.029772319,-0.030209556,-0.030654259,-0.031105518,-0.03156434,-0.032030392,-0.0325045,-0.032985702,-0.033474565,-0.03397163,-0.034476314,-0.034989007,-0.035509467,-0.036038287
244,2015-09-05 00:04:04,69.594154,80.0,-0.024804518,69.627144,69.66062,69.694595,69.72907,69.76406,69.79957,69.83561,69.872185,69.90931,69.94698,69.98522,70.02404,70.06344,70.10343,70.14403,70.18524,70.22707,70.26954,70.31265,70.35642,70.40087,70.446014,70.49186,70.53842,70.58572,-0.025146693,-0.025493667,-0.02584593,-0.026203737,-0.026567057,-0.026935704,-0.02731023,-0.027690977,-0.028091073,-0.028501838,-0.028918412,-0.029342163,-0.029772319,-0.030209556,-0.030654259,-0.031105518,-0.03156434,-0.032030392,-0.0325045,-0.032985702,-0.033474565,-0.03397163,-0.034476314,-0.034989007,-0.035509467
245,2015-09-05 00:04:05,69.56165,80.0,-0.024467394,69.594154,69.627144,69.66062,69.694595,69.72907,69.76406,69.79957,69.83561,69.872185,69.90931,69.94698,69.98522,70.02404,70.06344,70.10343,70.14403,70.18524,70.22707,70.26954,70.31265,70.35642,70.40087,70.446014,70.49186,70.53842,-0.024804518,-0.025146693,-0.025493667,-0.02584593,-0.026203737,-0.026567057,-0.026935704,-0.02731023,-0.027690977,-0.028091073,-0.028501838,-0.028918412,-0.029342163,-0.029772319,-0.030209556,-0.030654259,-0.031105518,-0.03156434,-0.032030392,-0.0325045,-0.032985702,-0.033474565,-0.03397163,-0.034476314,-0.034989007
246,2015-09-05 00:04:06,69.529625,80.0,-0.02413544,69.56165,69.594154,69.627144,69.66062,69.694595,69.72907,69.76406,69.79957,69.83561,69.872185,69.90931,69.94698,69.98522,70.02404,70.06344,70.10343,70.14403,70.18524,70.22707,70.26954,70.31265,70.35642,70.40087,70.446014,70.49186,-0.024467394,-0.024804518,-0.025146693,-0.025493667,-0.02584593,-0.026203737,-0.026567057,-0.026935704,-0.02731023,-0.027690977,-0.028091073,-0.028501838,-0.028918412,-0.029342163,-0.029772319,-0.030209556,-0.030654259,-0.031105518,-0.03156434,-0.032030392,-0.0325045,-0.032985702,-0.033474565,-0.03397163,-0.034476314
247,2015-09-05 00:04:07,69.49806,80.0,-0.023808405,69.529625,69.56165,69.594154,69.627144,69.66062,69.694595,69.72907,69.76406,69.79957,69.83561,69.872185,69.90931,69.94698,69.98522,70.02404,70.06344,70.10343,70.14403,70.18524,70.22707,70.26954,70.31265,70.35642,70.40087,70.446014,-0.02413544,-0.024467394,-0.024804518,-0.025146693,-0.025493667,-0.02584593,-0.026203737,-0.026567057,-0.026935704,-0.02731023,-0.027690977,-0.028091073,-0.028501838,-0.028918412,-0.029342163,-0.029772319,-0.030209556,-0.030654259,-0.031105518,-0.03156434,-0.032030392,-0.0325045,-0.032985702,-0.033474565,-0.03397163
248,2015-09-05 00:04:08,69.46696,80.0,-0.023486264,69.49806,69.529625,69.56165,69.594154,69.627144,69.66062,69.694595,69.72907,69.76406,69.79957,69.83561,69.872185,69.90931,69.94698,69.98522,70.02404,70.06344,70.10343,70.14403,70.18524,70.22707,70.26954,70.31265,70.35642,70.40087,-0.023808405,-0.02413544,-0.024467394,-0.024804518,-0.025146693,-0.025493667,-0.02584593,-0.026203737,-0.026567057,-0.026935704,-0.02731023,-0.027690977,-0.028091073,-0.028501838,-0.028918412,-0.029342163,-0.029772319,-0.030209556,-0.030654259,-0.031105518,-0.03156434,-0.032030392,-0.0325045,-0.032985702,-0.033474565
249,2015-09-05 00:04:09,69.4363,80.0,-0.02316875,69.46696,69.49806,69.529625,69.56165,69.594154,69.627144,69.66062,69.694595,69.72907,69.76406,69.79957,69.83561,69.872185,69.90931,69.94698,69.98522,70.02404,70.06344,70.10343,70.14403,70.18524,70.22707,70.26954,70.31265,70.35642,-0.023486264,-0.023808405,-0.02413544,-0.024467394,-0.024804518,-0.025146693,-0.025493667,-0.02584593,-0.026203737,-0.026567057,-0.026935704,-0.02731023,-0.027690977,-0.028091073,-0.028501838,-0.028918412,-0.029342163,-0.029772319,-0.030209556,-0.030654259,-0.031105518,-0.03156434,-0.032030392,-0.0325045,-0.032985702
250,2015-09-05 00:04:10,69.40609,80.0,-0.022855803,69.4363,69.46696,69.49806,69.529625,69.56165,69.594154,69.627144,69.66062,69.694595,69.72907,69.76406,69.79957,69.83561,69.872185,69.90931,69.94698,69.98522,70.02404,70.06344,70.10343,70.14403,70.18524,70.22707,70.26954,70.31265,-0.02316875,-0.023486264,-0.023808405,-0.02413544,-0.024467394,-0.024804518,-0.025146693,-0.025493667,-0.02584593,-0.026203737,-0.026567057,-0.026935704,-0.02731023,-0.027690977,-0.028091073,-0.028501838,-0.028918412,-0.029342163,-0.029772319,-0.030209556,-0.030654259,-0.031105518,-0.03156434,-0.032030392,-0.0325045
251,2015-09-05 00:04:11,69.37632,80.0,-0.022547722,69.40609,69.4363,69.46696,69.49806,69.529625,69.56165,69.594154,69.627144,69.66062,69.694595,69.72907,69.76406,69.79957,69.83561,69.872185,69.90931,69.94698,69.98522,70.02404,70.06344,70.10343,70.14403,70.18524,70.22707,70.26954,-0.022855803,-0.02316875,-0.023486264,-0.023808405,-0.02413544,-0.024467394,-0.024804518,-0.025146693,-0.025493667,-0.02584593,-0.026203737,-0.026567057,-0.026935704,-0.02731023,-0.027690977,-0.028091073,-0.028501838,-0.028918412,-0.029342163,-0.029772319,-0.030209556,-0.030654259,-0.031105518,-0.03156434,-0.032030392
252,2015-09-05 00:04:12,69.34698,80.0,-0.022244215,69.37632,69.40609,69.4363,69.46696,69.49806,69.529625,69.56165,69.594154,69.627144,69.66062,69.694595,69.72907,69.76406,69.79957,69.83561,69.872185,69.90931,69.94698,69.98522,70.02404,70.06344,70.10343,70.14403,70.18524,70.22707,-0.022547722,-0.022855803,-0.02316875,-0.023486264,-0.023808405,-0.02413544,-0.024467394,-0.024804518,-0.025146693,-0.025493667,-0.02584593,-0.026203737,-0.026567057,-0.026935704,-0.02731023,-0.027690977,-0.028091073,-0.028501838,-0.028918412,-0.029342163,-0.029772319,-0.030209556,-0.030654259,-0.031105518,-0.03156434
253,2015-09-05 00:04:13,69.31806,80.0,-0.021944866,69.34698,69.37632,69.40609,69.4363,69.46696,69.49806,69.529625,69.56165,69.594154,69.627144,69.66062,69.694595,69.72907,69.76406,69.79957,69.83561,69.872185,69.90931,69.94698,69.98522,70.02404,70.06344,70.10343,70.14403,70.18524,-0.022244215,-0.022547722,-0.022855803,-0.02316875,-0.023486264,-0.023808405,-0.02413544,-0.024467394,-0.024804518,-0.025146693,-0.025493667,-0.02584593,-0.026203737,-0.026567057,-0.026935704,-0.02731023,-0.027690977,-0.028091073,-0.028501838,-0.028918412,-0.029342163,-0.029772319,-0.030209556,-0.030654259,-0.031105518
254,2015-09-05 00:04:14,69.28956,80.0,-0.021658242,69.31806,69.34698,69.37632,69.40609,69.4363,69.46696,69.49806,69.529625,69.56165,69.594154,69.627144,69.66062,69.694595,69.72907,69.76406,69.79957,69.83561,69.872185,69.90931,69.94698,69.98522,70.02404,70.06344,70.10343,70.14403,-0.021944866,-0.022244215,-0.022547722,-0.022855803,-0.02316875,-0.023486264,-0.023808405,-0.02413544,-0.024467394,-0.024804518,-0.025146693,-0.025493667,-0.02584593,-0.026203737,-0.026567057,-0.026935704,-0.02731023,-0.027690977,-0.028091073,-0.028501838,-0.028918412,-0.029342163,-0.029772319,-0.030209556,-0.030654259
255,2015-09-05 00:04:15,69.26147,80.0,-0.021376878,69.28956,69.31806,69.34698,69.37632,69.40609,69.4363,69.46696,69.49806,69.529625,69.56165,69.594154,69.627144,69.66062,69.694595,69.72907,69.76406,69.79957,69.83561,69.872185,69.90931,69.94698,69.98522,70.02404,70.06344,70.10343,-0.021658242,-0.021944866,-0.022244215,-0.022547722,-0.022855803,-0.02316875,-0.023486264,-0.023808405,-0.02413544,-0.024467394,-0.024804518,-0.025146693,-0.025493667,-0.02584593,-0.026203737,-0.026567057,-0.026935704,-0.02731023,-0.027690977,-0.028091073,-0.028501838,-0.028918412,-0.029342163,-0.029772319,-0.030209556
256,2015-09-05 00:04:16,69.23377,80.0,-0.021099932,69.26147,69.28956,69.31806,69.34698,69.37632,69.40609,69.4363,69.46696,69.49806,69.529625,69.56165,69.594154,69.627144,69.66062,69.694595,69.72907,69.76406,69.79957,69.83561,69.872185,69.90931,69.94698,69.98522,70.02404,70.06344,-0.021376878,-0.021658242,-0.021944866,-0.022244215,-0.022547722,-0.022855803,-0.02316875,-0.023486264,-0.023808405,-0.02413544,-0.024467394,-0.024804518,-0.025146693,-0.025493667,-0.02584593,-0.026203737,-0.026567057,-0.026935704,-0.02731023,-0.027690977,-0.028091073,-0.028501838,-0.028918412,-0.029342163,-0.029772319
257,2015-09-05 00:04:17,69.20646,80.0,-0.020826876,69.23377,69.26147,69.28956,69.31806,69.34698,69.37632,69.40609,69.4363,69.46696,69.49806,69.529625,69.56165,69.594154,69.627144,69.66062,69.694595,69.72907,69.76406,69.79957,69.83561,69.872185,69.90931,69.94698,69.98522,70.02404,-0.021099932,-0.021376878,-0.021658242,-0.021944866,-0.022244215,-0.022547722,-0.022855803,-0.02316875,-0.023486264,-0.023808405,-0.02413544,-0.024467394,-0.024804518,-0.025146693,-0.025493667,-0.02584593,-0.026203737,-0.026567057,-0.026935704,-0.02731023,-0.027690977,-0.028091073,-0.028501838,-0.028918412,-0.029342163
258,2015-09-05 00:04:18,69.17952,80.0,-0.020558164,69.20646,69.23377,69.26147,69.28956,69.31806,69.34698,69.37632,69.40609,69.4363,69.46696,69.49806,69.529625,69.56165,69.594154,69.627144,69.66062,69.694595,69.72907,69.76406,69.79957,69.83561,69.872185,69.90931,69.94698,69.98522,-0.020826876,-0.021099932,-0.021376878,-0.021658242,-0.021944866,-0.022244215,-0.022547722,-0.022855803,-0.02316875,-0.023486264,-0.023808405,-0.02413544,-0.024467394,-0.024804518,-0.025146693,-0.025493667,-0.02584593,-0.026203737,-0.026567057,-0.026935704,-0.02731023,-0.027690977,-0.028091073,-0.028501838,-0.028918412
259,2015-09-05 00:04:19,69.152954,80.0,-0.020293191,69.17952,69.20646,69.23377,69.26147,69.28956,69.31806,69.34698,69.37632,69.40609,69.4363,69.46696,69.49806,69.529625,69.56165,69.594154,69.627144,69.66062,69.694595,69.72907,69.76406,69.79957,69.83561,69.872185,69.90931,69.94698,-0.020558164,-0.020826876,-0.021099932,-0.021376878,-0.021658242,-0.021944866,-0.022244215,-0.022547722,-0.022855803,-0.02316875,-0.023486264,-0.023808405,-0.02413544,-0.024467394,-0.024804518,-0.025146693,-0.025493667,-0.02584593,-0.026203737,-0.026567057,-0.026935704,-0.02731023,-0.027690977,-0.028091073,-0.028501838
260,2015-09-05 00:04:20,69.12675,80.0,-0.020032555,69.152954,69.17952,69.20646,69.23377,69.26147,69.28956,69.31806,69.34698,69.37632,69.40609,69.4363,69.46696,69.49806,69.529625,69.56165,69.594154,69.627144,69.66062,69.694595,69.72907,69.76406,69.79957,69.83561,69.872185,69.90931,-0.020293191,-0.020558164,-0.020826876,-0.021099932,-0.021376878,-0.021658242,-0.021944866,-0.022244215,-0.022547722,-0.022855803,-0.02316875,-0.023486264,-0.023808405,-0.02413544,-0.024467394,-0.024804518,-0.025146693,-0.025493667,-0.02584593,-0.026203737,-0.026567057,-0.026935704,-0.02731023,-0.027690977,-0.028091073
261,2015-09-05 00:04:21,69.1009,80.0,-0.019776009,69.12675,69.152954,69.17952,69.20646,69.23377,69.26147,69.28956,69.31806,69.34698,69.37632,69.40609,69.4363,69.46696,69.49806,69.529625,69.56165,69.594154,69.627144,69.66062,69.694595,69.72907,69.76406,69.79957,69.83561,69.872185,-0.020032555,-0.020293191,-0.020558164,-0.020826876,-0.021099932,-0.021376878,-0.021658242,-0.021944866,-0.022244215,-0.022547722,-0.022855803,-0.02316875,-0.023486264,-0.023808405,-0.02413544,-0.024467394,-0.024804518,-0.025146693,-0.025493667,-0.02584593,-0.026203737,-0.026567057,-0.026935704,-0.02731023,-0.027690977
262,2015-09-05 00:04:22,69.0754,80.0,-0.019523755,69.1009,69.12675,69.152954,69.17952,69.20646,69.23377,69.26147,69.28956,69.31806,69.34698,69.37632,69.40609,69.4363,69.46696,69.49806,69.529625,69.56165,69.594154,69.627144,69.66062,69.694595,69.72907,69.76406,69.79957,69.83561,-0.019776009,-0.020032555,-0.020293191,-0.020558164,-0.020826876,-0.021099932,-0.021376878,-0.021658242,-0.021944866,-0.022244215,-0.022547722,-0.022855803,-0.02316875,-0.023486264,-0.023808405,-0.02413544,-0.024467394,-0.024804518,-0.025146693,-0.025493667,-0.02584593,-0.026203737,-0.026567057,-0.026935704,-0.02731023
263,2015-09-05 00:04:23,69.050255,80.0,-0.019275472,69.0754,69.1009,69.12675,69.152954,69.17952,69.20646,69.23377,69.26147,69.28956,69.31806,69.34698,69.37632,69.40609,69.4363,69.46696,69.49806,69.529625,69.56165,69.594154,69.627144,69.66062,69.694595,69.72907,69.76406,69.79957,-0.019523755,-0.019776009,-0.020032555,-0.020293191,-0.020558164,-0.020826876,-0.021099932,-0.021376878,-0.021658242,-0.021944866,-0.022244215,-0.022547722,-0.022855803,-0.02316875,-0.023486264,-0.023808405,-0.02413544,-0.024467394,-0.024804518,-0.025146693,-0.025493667,-0.02584593,-0.026203737,-0.026567057,-0.026935704
264,2015-09-05 00:04:24,69.02545,80.0,-0.019030653,69.050255,69.0754,69.1009,69.12675,69.152954,69.17952,69.20646,69.23377,69.26147,69.28956,69.31806,69.34698,69.37632,69.40609,69.4363,69.46696,69.49806,69.529625,69.56165,69.594154,69.627144,69.66062,69.694595,69.72907,69.76406,-0.019275472,-0.019523755,-0.019776009,-0.020032555,-0.020293191,-0.020558164,-0.020826876,-0.021099932,-0.021376878,-0.021658242,-0.021944866,-0.022244215,-0.022547722,-0.022855803,-0.02316875,-0.023486264,-0.023808405,-0.02413544,-0.024467394,-0.024804518,-0.025146693,-0.025493667,-0.02584593,-0.026203737,-0.026567057
265,2015-09-05 00:04:25,69.000984,80.0,-0.01878962,69.02545,69.050255,69.0754,69.1009,69.12675,69.152954,69.17952,69.20646,69.23377,69.26147,69.28956,69.31806,69.34698,69.37632,69.40609,69.4363,69.46696,69.49806,69.529625,69.56165,69.594154,69.627144,69.66062,69.694595,69.72907,-0.019030653,-0.019275472,-0.019523755,-0.019776009,-0.020032555,-0.020293191,-0.020558164,-0.020826876,-0.021099932,-0.021376878,-0.021658242,-0.021944866,-0.022244215,-0.022547722,-0.022855803,-0.02316875,-0.023486264,-0.023808405,-0.02413544,-0.024467394,-0.024804518,-0.025146693,-0.025493667,-0.02584593,-0.026203737
266,2015-09-05 00:04:26,68.97685,80.0,-0.018552005,69.000984,69.02545,69.050255,69.0754,69.1009,69.12675,69.152954,69.17952,69.20646,69.23377,69.26147,69.28956,69.31806,69.34698,69.37632,69.40609,69.4363,69.46696,69.49806,69.529625,69.56165,69.594154,69.627144,69.66062,69.694595,-0.01878962,-0.019030653,-0.019275472,-0.019523755,-0.019776009,-0.020032555,-0.020293191,-0.020558164,-0.020826876,-0.021099932,-0.021376878,-0.021658242,-0.021944866,-0.022244215,-0.022547722,-0.022855803,-0.02316875,-0.023486264,-0.023808405,-0.02413544,-0.024467394,-0.024804518,-0.025146693,-0.025493667,-0.02584593
267,2015-09-05 00:04:27,68.95304,80.0,-0.018317908,68.97685,69.000984,69.02545,69.050255,69.0754,69.1009,69.12675,69.152954,69.17952,69.20646,69.23377,69.26147,69.28956,69.31806,69.34698,69.37632,69.40609,69.4363,69.46696,69.49806,69.529625,69.56165,69.594154,69.627144,69.66062,-0.018552005,-0.01878962,-0.019030653,-0.019275472,-0.019523755,-0.019776009,-0.020032555,-0.020293191,-0.020558164,-0.020826876,-0.021099932,-0.021376878,-0.021658242,-0.021944866,-0.022244215,-0.022547722,-0.022855803,-0.02316875,-0.023486264,-0.023808405,-0.02413544,-0.024467394,-0.024804518,-0.025146693,-0.025493667
268,2015-09-05 00:04:28,68.92956,80.0,-0.01808706,68.95304,68.97685,69.000984,69.02545,69.050255,69.0754,69.1009,69.12675,69.152954,69.17952,69.20646,69.23377,69.26147,69.28956,69.31806,69.34698,69.37632,69.40609,69.4363,69.46696,69.49806,69.529625,69.56165,69.594154,69.627144,-0.018317908,-0.018552005,-0.01878962,-0.019030653,-0.019275472,-0.019523755,-0.019776009,-0.020032555,-0.020293191,-0.020558164,-0.020826876,-0.021099932,-0.021376878,-0.021658242,-0.021944866,-0.022244215,-0.022547722,-0.022855803,-0.02316875,-0.023486264,-0.023808405,-0.02413544,-0.024467394,-0.024804518,-0.025146693
269,2015-09-05 00:04:29,68.90639,80.0,-0.017859593,68.92956,68.95304,68.97685,69.000984,69.02545,69.050255,69.0754,69.1009,69.12675,69.152954,69.17952,69.20646,69.23377,69.26147,69.28956,69.31806,69.34698,69.37632,69.40609,69.4363,69.46696,69.49806,69.529625,69.56165,69.594154,-0.01808706,-0.018317908,-0.018552005,-0.01878962,-0.019030653,-0.019275472,-0.019523755,-0.019776009,-0.020032555,-0.020293191,-0.020558164,-0.020826876,-0.021099932,-0.021376878,-0.021658242,-0.021944866,-0.022244215,-0.022547722,-0.022855803,-0.02316875,-0.023486264,-0.023808405,-0.02413544,-0.024467394,-0.024804518
270,2015-09-05 00:04:30,68.88353,80.0,-0.017635457,68.90639,68.92956,68.95304,68.97685,69.000984,69.02545,69.050255,69.0754,69.1009,69.12675,69.152954,69.17952,69.20646,69.23377,69.26147,69.28956,69.31806,69.34698,69.37632,69.40609,69.4363,69.46696,69.49806,69.529625,69.56165,-0.017859593,-0.01808706,-0.018317908,-0.018552005,-0.01878962,-0.019030653,-0.019275472,-0.019523755,-0.019776009,-0.020032555,-0.020293191,-0.020558164,-0.020826876,-0.021099932,-0.021376878,-0.021658242,-0.021944866,-0.022244215,-0.022547722,-0.022855803,-0.02316875,-0.023486264,-0.023808405,-0.02413544,-0.024467394
271,2015-09-05 00:04:31,68.860985,80.0,-0.017414637,68.88353,68.90639,68.92956,68.95304,68.97685,69.000984,69.02545,69.050255,69.0754,69.1009,69.12675,69.152954,69.17952,69.20646,69.23377,69.26147,69.28956,69.31806,69.34698,69.37632,69.40609,69.4363,69.46696,69.49806,69.529625,-0.017635457,-0.017859593,-0.01808706,-0.018317908,-0.018552005,-0.01878962,-0.019030653,-0.019275472,-0.019523755,-0.019776009,-0.020032555,-0.020293191,-0.020558164,-0.020826876,-0.021099932,-0.021376878,-0.021658242,-0.021944866,-0.022244215,-0.022547722,-0.022855803,-0.02316875,-0.023486264,-0.023808405,-0.02413544
272,2015-09-05 00:04:32,68.83874,80.0,-0.017196387,68.860985,68.88353,68.90639,68.92956,68.95304,68.97685,69.000984,69.02545,69.050255,69.0754,69.1009,69.12675,69.152954,69.17952,69.20646,69.23377,69.26147,69.28956,69.31806,69.34698,69.37632,69.40609,69.4363,69.46696,69.49806,-0.017414637,-0.017635457,-0.017859593,-0.01808706,-0.018317908,-0.018552005,-0.01878962,-0.019030653,-0.019275472,-0.019523755,-0.019776009,-0.020032555,-0.020293191,-0.020558164,-0.020826876,-0.021099932,-0.021376878,-0.021658242,-0.021944866,-0.022244215,-0.022547722,-0.022855803,-0.02316875,-0.023486264,-0.023808405
273,2015-09-05 00:04:33,68.816795,80.0,-0.01698181,68.83874,68.860985,68.88353,68.90639,68.92956,68.95304,68.97685,69.000984,69.02545,69.050255,69.0754,69.1009,69.12675,69.152954,69.17952,69.20646,69.23377,69.26147,69.28956,69.31806,69.34698,69.37632,69.40609,69.4363,69.46696,-0.017196387,-0.017414637,-0.017635457,-0.017859593,-0.01808706,-0.018317908,-0.018552005,-0.01878962,-0.019030653,-0.019275472,-0.019523755,-0.019776009,-0.020032555,-0.020293191,-0.020558164,-0.020826876,-0.021099932,-0.021376878,-0.021658242,-0.021944866,-0.022244215,-0.022547722,-0.022855803,-0.02316875,-0.023486264
274,2015-09-05 00:04:34,68.795135,80.0,-0.016769685,68.816795,68.83874,68.860985,68.88353,68.90639,68.92956,68.95304,68.97685,69.000984,69.02545,69.050255,69.0754,69.1009,69.12675,69.152954,69.17952,69.20646,69.23377,69.26147,69.28956,69.31806,69.34698,69.37632,69.40609,69.4363,-0.01698181,-0.017196387,-0.017414637,-0.017635457,-0.017859593,-0.01808706,-0.018317908,-0.018552005,-0.01878962,-0.019030653,-0.019275472,-0.019523755,-0.019776009,-0.020032555,-0.020293191,-0.020558164,-0.020826876,-0.021099932,-0.021376878,-0.021658242,-0.021944866,-0.022244215,-0.022547722,-0.022855803,-0.02316875
275,2015-09-05 00:04:35,68.77376,80.0,-0.016560785,68.795135,68.816795,68.83874,68.860985,68.88353,68.90639,68.92956,68.95304,68.97685,69.000984,69.02545,69.050255,69.0754,69.1009,69.12675,69.152954,69.17952,69.20646,69.23377,69.26147,69.28956,69.31806,69.34698,69.37632,69.40609,-0.016769685,-0.01698181,-0.017196387,-0.017414637,-0.017635457,-0.017859593,-0.01808706,-0.018317908,-0.018552005,-0.01878962,-0.019030653,-0.019275472,-0.019523755,-0.019776009,-0.020032555,-0.020293191,-0.020558164,-0.020826876,-0.021099932,-0.021376878,-0.021658242,-0.021944866,-0.022244215,-0.022547722,-0.022855803
276,2015-09-05 00:04:36,68.752655,80.0,-0.016354539,68.77376,68.795135,68.816795,68.83874,68.860985,68.88353,68.90639,68.92956,68.95304,68.97685,69.000984,69.02545,69.050255,69.0754,69.1009,69.12675,69.152954,69.17952,69.20646,69.23377,69.26147,69.28956,69.31806,69.34698,69.37632,-0.016560785,-0.016769685,-0.01698181,-0.017196387,-0.017414637,-0.017635457,-0.017859593,-0.01808706,-0.018317908,-0.018552005,-0.01878962,-0.019030653,-0.019275472,-0.019523755,-0.019776009,-0.020032555,-0.020293191,-0.020558164,-0.020826876,-0.021099932,-0.021376878,-0.021658242,-0.021944866,-0.022244215,-0.022547722
277,2015-09-05 00:04:37,68.73183,80.0,-0.016151123,68.752655,68.77376,68.795135,68.816795,68.83874,68.860985,68.88353,68.90639,68.92956,68.95304,68.97685,69.000984,69.02545,69.050255,69.0754,69.1009,69.12675,69.152954,69.17952,69.20646,69.23377,69.26147,69.28956,69.31806,69.34698,-0.016354539,-0.016560785,-0.016769685,-0.01698181,-0.017196387,-0.017414637,-0.017635457,-0.017859593,-0.01808706,-0.018317908,-0.018552005,-0.01878962,-0.019030653,-0.019275472,-0.019523755,-0.019776009,-0.020032555,-0.020293191,-0.020558164,-0.020826876,-0.021099932,-0.021376878,-0.021658242,-0.021944866,-0.022244215
278,2015-09-05 00:04:38,68.711266,80.0,-0.015950993,68.73183,68.752655,68.77376,68.795135,68.816795,68.83874,68.860985,68.88353,68.90639,68.92956,68.95304,68.97685,69.000984,69.02545,69.050255,69.0754,69.1009,69.12675,69.152954,69.17952,69.20646,69.23377,69.26147,69.28956,69.31806,-0.016151123,-0.016354539,-0.016560785,-0.016769685,-0.01698181,-0.017196387,-0.017414637,-0.017635457,-0.017859593,-0.01808706,-0.018317908,-0.018552005,-0.01878962,-0.019030653,-0.019275472,-0.019523755,-0.019776009,-0.020032555,-0.020293191,-0.020558164,-0.020826876,-0.021099932,-0.021376878,-0.021658242,-0.021944866
279,2015-09-05 00:04:39,68.69097,80.0,-0.015753202,68.711266,68.73183,68.752655,68.77376,68.795135,68.816795,68.83874,68.860985,68.88353,68.90639,68.92956,68.95304,68.97685,69.000984,69.02545,69.050255,69.0754,69.1009,69.12675,69.152954,69.17952,69.20646,69.23377,69.26147,69.28956,-0.015950993,-0.016151123,-0.016354539,-0.016560785,-0.016769685,-0.01698181,-0.017196387,-0.017414637,-0.017635457,-0.017859593,-0.01808706,-0.018317908,-0.018552005,-0.01878962,-0.019030653,-0.019275472,-0.019523755,-0.019776009,-0.020032555,-0.020293191,-0.020558164,-0.020826876,-0.021099932,-0.021376878,-0.021658242
280,2015-09-05 00:04:40,68.67094,80.0,-0.015558153,68.69097,68.711266,68.73183,68.752655,68.77376,68.795135,68.816795,68.83874,68.860985,68.88353,68.90639,68.92956,68.95304,68.97685,69.000984,69.02545,69.050255,69.0754,69.1009,69.12675,69.152954,69.17952,69.20646,69.23377,69.26147,-0.015753202,-0.015950993,-0.016151123,-0.016354539,-0.016560785,-0.016769685,-0.01698181,-0.017196387,-0.017414637,-0.017635457,-0.017859593,-0.01808706,-0.018317908,-0.018552005,-0.01878962,-0.019030653,-0.019275472,-0.019523755,-0.019776009,-0.020032555,-0.020293191,-0.020558164,-0.020826876,-0.021099932,-0.021376878
281,2015-09-05 00:04:41,68.65116,80.0,-0.015365802,68.67094,68.69097,68.711266,68.73183,68.752655,68.77376,68.795135,68.816795,68.83874,68.860985,68.88353,68.90639,68.92956,68.95304,68.97685,69.000984,69.02545,69.050255,69.0754,69.1009,69.12675,69.152954,69.17952,69.20646,69.23377,-0.015558153,-0.015753202,-0.015950993,-0.016151123,-0.016354539,-0.016560785,-0.016769685,-0.01698181,-0.017196387,-0.017414637,-0.017635457,-0.017859593,-0.01808706,-0.018317908,-0.018552005,-0.01878962,-0.019030653,-0.019275472,-0.019523755,-0.019776009,-0.020032555,-0.020293191,-0.020558164,-0.020826876,-0.021099932
282,2015-09-05 00:04:42,68.63164,80.0,-0.015176199,68.65116,68.67094,68.69097,68.711266,68.73183,68.752655,68.77376,68.795135,68.816795,68.83874,68.860985,68.88353,68.90639,68.92956,68.95304,68.97685,69.000984,69.02545,69.050255,69.0754,69.1009,69.12675,69.152954,69.17952,69.20646,-0.015365802,-0.015558153,-0.015753202,-0.015950993,-0.016151123,-0.016354539,-0.016560785,-0.016769685,-0.01698181,-0.017196387,-0.017414637,-0.017635457,-0.017859593,-0.01808706,-0.018317908,-0.018552005,-0.01878962,-0.019030653,-0.019275472,-0.019523755,-0.019776009,-0.020032555,-0.020293191,-0.020558164,-0.020826876
283,2015-09-05 00:04:43,68.612366,80.0,-0.014989026,68.63164,68.65116,68.67094,68.69097,68.711266,68.73183,68.752655,68.77376,68.795135,68.816795,68.83874,68.860985,68.88353,68.90639,68.92956,68.95304,68.97685,69.000984,69.02545,69.050255,69.0754,69.1009,69.12675,69.152954,69.17952,-0.015176199,-0.015365802,-0.015558153,-0.015753202,-0.015950993,-0.016151123,-0.016354539,-0.016560785,-0.016769685,-0.01698181,-0.017196387,-0.017414637,-0.017635457,-0.017859593,-0.01808706,-0.018317908,-0.018552005,-0.01878962,-0.019030653,-0.019275472,-0.019523755,-0.019776009,-0.020032555,-0.020293191,-0.020558164
284,2015-09-05 00:04:44,68.59334,80.0,-0.014804497,68.612366,68.63164,68.65116,68.67094,68.69097,68.711266,68.73183,68.752655,68.77376,68.795135,68.816795,68.83874,68.860985,68.88353,68.90639,68.92956,68.95304,68.97685,69.000984,69.02545,69.050255,69.0754,69.1009,69.12675,69.152954,-0.014989026,-0.015176199,-0.015365802,-0.015558153,-0.015753202,-0.015950993,-0.016151123,-0.016354539,-0.016560785,-0.016769685,-0.01698181,-0.017196387,-0.017414637,-0.017635457,-0.017859593,-0.01808706,-0.018317908,-0.018552005,-0.01878962,-0.019030653,-0.019275472,-0.019523755,-0.019776009,-0.020032555,-0.020293191
285,2015-09-05 00:04:45,68.57455,80.0,-0.0146223605,68.59334,68.612366,68.63164,68.65116,68.67094,68.69097,68.711266,68.73183,68.752655,68.77376,68.795135,68.816795,68.83874,68.860985,68.88353,68.90639,68.92956,68.95304,68.97685,69.000984,69.02545,69.050255,69.0754,69.1009,69.12675,-0.014804497,-0.014989026,-0.015176199,-0.015365802,-0.015558153,-0.015753202,-0.015950993,-0.016151123,-0.016354539,-0.016560785,-0.016769685,-0.01698181,-0.017196387,-0.017414637,-0.017635457,-0.017859593,-0.01808706,-0.018317908,-0.018552005,-0.01878962,-0.019030653,-0.019275472,-0.019523755,-0.019776009,-0.020032555
286,2015-09-05 00:04:46,68.55599,80.0,-0.014442921,68.57455,68.59334,68.612366,68.63164,68.65116,68.67094,68.69097,68.711266,68.73183,68.752655,68.77376,68.795135,68.816795,68.83874,68.860985,68.88353,68.90639,68.92956,68.95304,68.97685,69.000984,69.02545,69.050255,69.0754,69.1009,-0.0146223605,-0.014804497,-0.014989026,-0.015176199,-0.015365802,-0.015558153,-0.015753202,-0.015950993,-0.016151123,-0.016354539,-0.016560785,-0.016769685,-0.01698181,-0.017196387,-0.017414637,-0.017635457,-0.017859593,-0.01808706,-0.018317908,-0.018552005,-0.01878962,-0.019030653,-0.019275472,-0.019523755,-0.019776009
287,2015-09-05 00:04:47,68.537674,80.0,-0.014265537,68.55599,68.57455,68.59334,68.612366,68.63164,68.65116,68.67094,68.69097,68.711266,68.73183,68.752655,68.77376,68.795135,68.816795,68.83874,68.860985,68.88353,68.90639,68.92956,68.95304,68.97685,69.000984,69.02545,69.050255,69.0754,-0.014442921,-0.0146223605,-0.014804497,-0.014989026,-0.015176199,-0.015365802,-0.015558153,-0.015753202,-0.015950993,-0.016151123,-0.016354539,-0.016560785,-0.016769685,-0.01698181,-0.017196387,-0.017414637,-0.017635457,-0.017859593,-0.01808706,-0.018317908,-0.018552005,-0.01878962,-0.019030653,-0.019275472,-0.019523755
288,2015-09-05 00:04:48,68.519585,80.0,-0.014089316,68.537674,68.55599,68.57455,68.59334,68.612366,68.63164,68.65116,68.67094,68.69097,68.711266,68.73183,68.752655,68.77376,68.795135,68.816795,68.83874,68.860985,68.88353,68.90639,68.92956,68.95304,68.97685,69.000984,69.02545,69.050255,-0.014265537,-0.014442921,-0.0146223605,-0.014804497,-0.014989026,-0.015176199,-0.015365802,-0.015558153,-0.015753202,-0.015950993,-0.016151123,-0.016354539,-0.016560785,-0.016769685,-0.01698181,-0.017196387,-0.017414637,-0.017635457,-0.017859593,-0.01808706,-0.018317908,-0.018552005,-0.01878962,-0.019030653,-0.019275472
289,2015-09-05 00:04:49,68.501724,80.0,-0.013913855,68.519585,68.537674,68.55599,68.57455,68.59334,68.612366,68.63164,68.65116,68.67094,68.69097,68.711266,68.73183,68.752655,68.77376,68.795135,68.816795,68.83874,68.860985,68.88353,68.90639,68.92956,68.95304,68.97685,69.000984,69.02545,-0.014089316,-0.014265537,-0.014442921,-0.0146223605,-0.014804497,-0.014989026,-0.015176199,-0.015365802,-0.015558153,-0.015753202,-0.015950993,-0.016151123,-0.016354539,-0.016560785,-0.016769685,-0.01698181,-0.017196387,-0.017414637,-0.017635457,-0.017859593,-0.01808706,-0.018317908,-0.018552005,-0.01878962,-0.019030653
290,2015-09-05 00:04:50,68.484085,80.0,-0.013740182,68.501724,68.519585,68.537674,68.55599,68.57455,68.59334,68.612366,68.63164,68.65116,68.67094,68.69097,68.711266,68.73183,68.752655,68.77376,68.795135,68.816795,68.83874,68.860985,68.88353,68.90639,68.92956,68.95304,68.97685,69.000984,-0.013913855,-0.014089316,-0.014265537,-0.014442921,-0.0146223605,-0.014804497,-0.014989026,-0.015176199,-0.015365802,-0.015558153,-0.015753202,-0.015950993,-0.016151123,-0.016354539,-0.016560785,-0.016769685,-0.01698181,-0.017196387,-0.017414637,-0.017635457,-0.017859593,-0.01808706,-0.018317908,-0.018552005,-0.01878962
291,2015-09-05 00:04:51,68.46667,80.0,-0.013569072,68.484085,68.501724,68.519585,68.537674,68.55599,68.57455,68.59334,68.612366,68.63164,68.65116,68.67094,68.69097,68.711266,68.73183,68.752655,68.77376,68.795135,68.816795,68.83874,68.860985,68.88353,68.90639,68.92956,68.95304,68.97685,-0.013740182,-0.013913855,-0.014089316,-0.014265537,-0.014442921,-0.0146223605,-0.014804497,-0.014989026,-0.015176199,-0.015365802,-0.015558153,-0.015753202,-0.015950993,-0.016151123,-0.016354539,-0.016560785,-0.016769685,-0.01698181,-0.017196387,-0.017414637,-0.017635457,-0.017859593,-0.01808706,-0.018317908,-0.018552005
292,2015-09-05 00:04:52,68.44947,80.0,-0.013400167,68.46667,68.484085,68.501724,68.519585,68.537674,68.55599,68.57455,68.59334,68.612366,68.63164,68.65116,68.67094,68.69097,68.711266,68.73183,68.752655,68.77376,68.795135,68.816795,68.83874,68.860985,68.88353,68.90639,68.92956,68.95304,-0.013569072,-0.013740182,-0.013913855,-0.014089316,-0.014265537,-0.014442921,-0.0146223605,-0.014804497,-0.014989026,-0.015176199,-0.015365802,-0.015558153,-0.015753202,-0.015950993,-0.016151123,-0.016354539,-0.016560785,-0.016769685,-0.01698181,-0.017196387,-0.017414637,-0.017635457,-0.017859593,-0.01808706,-0.018317908
293,2015-09-05 00:04:53,68.43249,80.0,-0.013233364,68.44947,68.46667,68.484085,68.501724,68.519585,68.537674,68.55599,68.57455,68.59334,68.612366,68.63164,68.65116,68.67094,68.69097,68.711266,68.73183,68.752655,68.77376,68.795135,68.816795,68.83874,68.860985,68.88353,68.90639,68.92956,-0.013400167,-0.013569072,-0.013740182,-0.013913855,-0.014089316,-0.014265537,-0.014442921,-0.0146223605,-0.014804497,-0.014989026,-0.015176199,-0.015365802,-0.015558153,-0.015753202,-0.015950993,-0.016151123,-0.016354539,-0.016560785,-0.016769685,-0.01698181,-0.017196387,-0.017414637,-0.017635457,-0.017859593,-0.01808706
294,2015-09-05 00:04:54,68.41572,80.0,-0.013068616,68.43249,68.44947,68.46667,68.484085,68.501724,68.519585,68.537674,68.55599,68.57455,68.59334,68.612366,68.63164,68.65116,68.67094,68.69097,68.711266,68.73183,68.752655,68.77376,68.795135,68.816795,68.83874,68.860985,68.88353,68.90639,-0.013233364,-0.013400167,-0.013569072,-0.013740182,-0.013913855,-0.014089316,-0.014265537,-0.014442921,-0.0146223605,-0.014804497,-0.014989026,-0.015176199,-0.015365802,-0.015558153,-0.015753202,-0.015950993,-0.016151123,-0.016354539,-0.016560785,-0.016769685,-0.01698181,-0.017196387,-0.017414637,-0.017635457,-0.017859593
295,2015-09-05 00:04:55,68.399155,80.0,-0.012906119,68.41572,68.43249,68.44947,68.46667,68.484085,68.501724,68.519585,68.537674,68.55599,68.57455,68.59334,68.612366,68.63164,68.65116,68.67094,68.69097,68.711266,68.73183,68.752655,68.77376,68.795135,68.816795,68.83874,68.860985,68.88353,-0.013068616,-0.013233364,-0.013400167,-0.013569072,-0.013740182,-0.013913855,-0.014089316,-0.014265537,-0.014442921,-0.0146223605,-0.014804497,-0.014989026,-0.015176199,-0.015365802,-0.015558153,-0.015753202,-0.015950993,-0.016151123,-0.016354539,-0.016560785,-0.016769685,-0.01698181,-0.017196387,-0.017414637,-0.017635457
296,2015-09-05 00:04:56,68.3828,80.0,-0.012745507,68.399155,68.41572,68.43249,68.44947,68.46667,68.484085,68.501724,68.519585,68.537674,68.55599,68.57455,68.59334,68.612366,68.63164,68.65116,68.67094,68.69097,68.711266,68.73183,68.752655,68.77376,68.795135,68.816795,68.83874,68.860985,-0.012906119,-0.013068616,-0.013233364,-0.013400167,-0.013569072,-0.013740182,-0.013913855,-0.014089316,-0.014265537,-0.014442921,-0.0146223605,-0.014804497,-0.014989026,-0.015176199,-0.015365802,-0.015558153,-0.015753202,-0.015950993,-0.016151123,-0.016354539,-0.016560785,-0.016769685,-0.01698181,-0.017196387,-0.017414637
297,2015-09-05 00:04:57,68.366646,80.0,-0.012586996,68.3828,68.399155,68.41572,68.43249,68.44947,68.46667,68.484085,68.501724,68.519585,68.537674,68.55599,68.57455,68.59334,68.612366,68.63164,68.65116,68.67094,68.69097,68.711266,68.73183,68.752655,68.77376,68.795135,68.816795,68.83874,-0.012745507,-0.012906119,-0.013068616,-0.013233364,-0.013400167,-0.013569072,-0.013740182,-0.013913855,-0.014089316,-0.014265537,-0.014442921,-0.0146223605,-0.014804497,-0.014989026,-0.015176199,-0.015365802,-0.015558153,-0.015753202,-0.015950993,-0.016151123,-0.016354539,-0.016560785,-0.016769685,-0.01698181,-0.017196387
298,2015-09-05 00:04:58,68.35069,80.0,-0.012430541,68.366646,68.3828,68.399155,68.41572,68.43249,68.44947,68.46667,68.484085,68.501724,68.519585,68.537674,68.55599,68.57455,68.59334,68.612366,68.63164,68.65116,68.67094,68.69097,68.711266,68.73183,68.752655,68.77376,68.795135,68.816795,-0.012586996,-0.012745507,-0.012906119,-0.013068616,-0.013233364,-0.013400167,-0.013569072,-0.013740182,-0.013913855,-0.014089316,-0.014265537,-0.014442921,-0.0146223605,-0.014804497,-0.014989026,-0.015176199,-0.015365802,-0.015558153,-0.015753202,-0.015950993,-0.016151123,-0.016354539,-0.016560785,-0.016769685,-0.01698181
299,2015-09-05 00:04:59,68.33494,80.0,-0.012275919,68.35069,68.366646,68.3828,68.399155,68.41572,68.43249,68.44947,68.46667,68.484085,68.501724,68.519585,68.537674,68.55599,68.57455,68.59334,68.612366,68.63164,68.65116,68.67094,68.69097,68.711266,68.73183,68.752655,68.77376,68.795135,-0.012430541,-0.012586996,-0.012745507,-0.012906119,-0.013068616,-0.013233364,-0.013400167,-0.013569072,-0.013740182,-0.013913855,-0.014089316,-0.014265537,-0.014442921,-0.0146223605,-0.014804497,-0.014989026,-0.015176199,-0.015365802,-0.015558153,-0.015753202,-0.015950993,-0.016151123,-0.016354539,-0.016560785,-0.016769685
300,2015-09-05 00:05:00,68.31938,80.0,-0.012123354,68.33494,68.35069,68.366646,68.3828,68.399155,68.41572,68.43249,68.44947,68.46667,68.484085,68.501724,68.519585,68.537674,68.55599,68.57455,68.59334,68.612366,68.63164,68.65116,68.67094,68.69097,68.711266,68.73183,68.752655,68.77376,-0.012275919,-0.012430541,-0.012586996,-0.012745507,-0.012906119,-0.013068616,-0.013233364,-0.013400167,-0.013569072,-0.013740182,-0.013913855,-0.014089316,-0.014265537,-0.014442921,-0.0146223605,-0.014804497,-0.014989026,-0.015176199,-0.015365802,-0.015558153,-0.015753202,-0.015950993,-0.016151123,-0.016354539,-0.016560785
301,2015-09-05 00:05:01,68.304016,80.0,-0.011972666,68.31938,68.33494,68.35069,68.366646,68.3828,68.399155,68.41572,68.43249,68.44947,68.46667,68.484085,68.501724,68.519585,68.537674,68.55599,68.57455,68.59334,68.612366,68.63164,68.65116,68.67094,68.69097,68.711266,68.73183,68.752655,-0.012123354,-0.012275919,-0.012430541,-0.012586996,-0.012745507,-0.012906119,-0.013068616,-0.013233364,-0.013400167,-0.013569072,-0.013740182,-0.013913855,-0.014089316,-0.014265537,-0.014442921,-0.0146223605,-0.014804497,-0.014989026,-0.015176199,-0.015365802,-0.015558153,-0.015753202,-0.015950993,-0.016151123,-0.016354539
302,2015-09-05 00:05:02,68.28884,80.0,-0.011823818,68.304016,68.31938,68.33494,68.35069,68.366646,68.3828,68.399155,68.41572,68.43249,68.44947,68.46667,68.484085,68.501724,68.519585,68.537674,68.55599,68.57455,68.59334,68.612366,68.63164,68.65116,68.67094,68.69097,68.711266,68.73183,-0.011972666,-0.012123354,-0.012275919,-0.012430541,-0.012586996,-0.012745507,-0.012906119,-0.013068616,-0.013233364,-0.013400167,-0.013569072,-0.013740182,-0.013913855,-0.014089316,-0.014265537,-0.014442921,-0.0146223605,-0.014804497,-0.014989026,-0.015176199,-0.015365802,-0.015558153,-0.015753202,-0.015950993,-0.016151123
303,2015-09-05 00:05:03,68.27385,80.0,-0.011676699,68.28884,68.304016,68.31938,68.33494,68.35069,68.366646,68.3828,68.399155,68.41572,68.43249,68.44947,68.46667,68.484085,68.501724,68.519585,68.537674,68.55599,68.57455,68.59334,68.612366,68.63164,68.65116,68.67094,68.69097,68.711266,-0.011823818,-0.011972666,-0.012123354,-0.012275919,-0.012430541,-0.012586996,-0.012745507,-0.012906119,-0.013068616,-0.013233364,-0.013400167,-0.013569072,-0.013740182,-0.013913855,-0.014089316,-0.014265537,-0.014442921,-0.0146223605,-0.014804497,-0.014989026,-0.015176199,-0.015365802,-0.015558153,-0.015753202,-0.015950993
304,2015-09-05 00:05:04,68.25905,80.0,-0.011531487,68.27385,68.28884,68.304016,68.31938,68.33494,68.35069,68.366646,68.3828,68.399155,68.41572,68.43249,68.44947,68.46667,68.484085,68.501724,68.519585,68.537674,68.55599,68.57455,68.59334,68.612366,68.63164,68.65116,68.67094,68.69097,-0.011676699,-0.011823818,-0.011972666,-0.012123354,-0.012275919,-0.012430541,-0.012586996,-0.012745507,-0.012906119,-0.013068616,-0.013233364,-0.013400167,-0.013569072,-0.013740182,-0.013913855,-0.014089316,-0.014265537,-0.014442921,-0.0146223605,-0.014804497,-0.014989026,-0.015176199,-0.015365802,-0.015558153,-0.015753202
305,2015-09-05 00:05:05,68.24442,80.0,-0.011387929,68.25905,68.27385,68.28884,68.304016,68.31938,68.33494,68.35069,68.366646,68.3828,68.399155,68.41572,68.43249,68.44947,68.46667,68.484085,68.501724,68.519585,68.537674,68.55599,68.57455,68.59334,68.612366,68.63164,68.65116,68.67094,-0.011531487,-0.011676699,-0.011823818,-0.011972666,-0.012123354,-0.012275919,-0.012430541,-0.012586996,-0.012745507,-0.012906119,-0.013068616,-0.013233364,-0.013400167,-0.013569072,-0.013740182,-0.013913855,-0.014089316,-0.014265537,-0.014442921,-0.0146223605,-0.014804497,-0.014989026,-0.015176199,-0.015365802,-0.015558153
306,2015-09-05 00:05:06,68.22998,80.0,-0.01124616,68.24442,68.25905,68.27385,68.28884,68.304016,68.31938,68.33494,68.35069,68.366646,68.3828,68.399155,68.41572,68.43249,68.44947,68.46667,68.484085,68.501724,68.519585,68.537674,68.55599,68.57455,68.59334,68.612366,68.63164,68.65116,-0.011387929,-0.011531487,-0.011676699,-0.011823818,-0.011972666,-0.012123354,-0.012275919,-0.012430541,-0.012586996,-0.012745507,-0.012906119,-0.013068616,-0.013233364,-0.013400167,-0.013569072,-0.013740182,-0.013913855,-0.014089316,-0.014265537,-0.014442921,-0.0146223605,-0.014804497,-0.014989026,-0.015176199,-0.015365802
307,2015-09-05 00:05:07,68.21571,80.0,-0.011106126,68.22998,68.24442,68.25905,68.27385,68.28884,68.304016,68.31938,68.33494,68.35069,68.366646,68.3828,68.399155,68.41572,68.43249,68.44947,68.46667,68.484085,68.501724,68.519585,68.537674,68.55599,68.57455,68.59334,68.612366,68.63164,-0.01124616,-0.011387929,-0.011531487,-0.011676699,-0.011823818,-0.011972666,-0.012123354,-0.012275919,-0.012430541,-0.012586996,-0.012745507,-0.012906119,-0.013068616,-0.013233364,-0.013400167,-0.013569072,-0.013740182,-0.013913855,-0.014089316,-0.014265537,-0.014442921,-0.0146223605,-0.014804497,-0.014989026,-0.015176199
308,2015-09-05 00:05:08,68.20162,80.0,-0.0109678805,68.21571,68.22998,68.24442,68.25905,68.27385,68.28884,68.304016,68.31938,68.33494,68.35069,68.366646,68.3828,68.399155,68.41572,68.43249,68.44947,68.46667,68.484085,68.501724,68.519585,68.537674,68.55599,68.57455,68.59334,68.612366,-0.011106126,-0.01124616,-0.011387929,-0.011531487,-0.011676699,-0.011823818,-0.011972666,-0.012123354,-0.012275919,-0.012430541,-0.012586996,-0.012745507,-0.012906119,-0.013068616,-0.013233364,-0.013400167,-0.013569072,-0.013740182,-0.013913855,-0.014089316,-0.014265537,-0.014442921,-0.0146223605,-0.014804497,-0.014989026
309,2015-09-05 00:05:09,68.187706,80.0,-0.010831296,68.20162,68.21571,68.22998,68.24442,68.25905,68.27385,68.28884,68.304016,68.31938,68.33494,68.35069,68.366646,68.3828,68.399155,68.41572,68.43249,68.44947,68.46667,68.484085,68.501724,68.519585,68.537674,68.55599,68.57455,68.59334,-0.0109678805,-0.011106126,-0.01124616,-0.011387929,-0.011531487,-0.011676699,-0.011823818,-0.011972666,-0.012123354,-0.012275919,-0.012430541,-0.012586996,-0.012745507,-0.012906119,-0.013068616,-0.013233364,-0.013400167,-0.013569072,-0.013740182,-0.013913855,-0.014089316,-0.014265537,-0.014442921,-0.0146223605,-0.014804497
310,2015-09-05 00:05:10,68.173965,80.0,-0.010696635,68.187706,68.20162,68.21571,68.22998,68.24442,68.25905,68.27385,68.28884,68.304016,68.31938,68.33494,68.35069,68.366646,68.3828,68.399155,68.41572,68.43249,68.44947,68.46667,68.484085,68.501724,68.519585,68.537674,68.55599,68.57455,-0.010831296,-0.0109678805,-0.011106126,-0.01124616,-0.011387929,-0.011531487,-0.011676699,-0.011823818,-0.011972666,-0.012123354,-0.012275919,-0.012430541,-0.012586996,-0.012745507,-0.012906119,-0.013068616,-0.013233364,-0.013400167,-0.013569072,-0.013740182,-0.013913855,-0.014089316,-0.014265537,-0.014442921,-0.0146223605
311,2015-09-05 00:05:11,68.16039,80.0,-0.0105633885,68.173965,68.187706,68.20162,68.21571,68.22998,68.24442,68.25905,68.27385,68.28884,68.304016,68.31938,68.33494,68.35069,68.366646,68.3828,68.399155,68.41572,68.43249,68.44947,68.46667,68.484085,68.501724,68.519585,68.537674,68.55599,-0.010696635,-0.010831296,-0.0109678805,-0.011106126,-0.01124616,-0.011387929,-0.011531487,-0.011676699,-0.011823818,-0.011972666,-0.012123354,-0.012275919,-0.012430541,-0.012586996,-0.012745507,-0.012906119,-0.013068616,-0.013233364,-0.013400167,-0.013569072,-0.013740182,-0.013913855,-0.014089316,-0.014265537,-0.014442921
312,2015-09-05 00:05:12,68.146996,80.0,-0.010431901,68.16039,68.173965,68.187706,68.20162,68.21571,68.22998,68.24442,68.25905,68.27385,68.28884,68.304016,68.31938,68.33494,68.35069,68.366646,68.3828,68.399155,68.41572,68.43249,68.44947,68.46667,68.484085,68.501724,68.519585,68.537674,-0.0105633885,-0.010696635,-0.010831296,-0.0109678805,-0.011106126,-0.01124616,-0.011387929,-0.011531487,-0.011676699,-0.011823818,-0.011972666,-0.012123354,-0.012275919,-0.012430541,-0.012586996,-0.012745507,-0.012906119,-0.013068616,-0.013233364,-0.013400167,-0.013569072,-0.013740182,-0.013913855,-0.014089316,-0.014265537
313,2015-09-05 00:05:13,68.13376,80.0,-0.010302193,68.146996,68.16039,68.173965,68.187706,68.20162,68.21571,68.22998,68.24442,68.25905,68.27385,68.28884,68.304016,68.31938,68.33494,68.35069,68.366646,68.3828,68.399155,68.41572,68.43249,68.44947,68.46667,68.484085,68.501724,68.519585,-0.010431901,-0.0105633885,-0.010696635,-0.010831296,-0.0109678805,-0.011106126,-0.01124616,-0.011387929,-0.011531487,-0.011676699,-0.011823818,-0.011972666,-0.012123354,-0.012275919,-0.012430541,-0.012586996,-0.012745507,-0.012906119,-0.013068616,-0.013233364,-0.013400167,-0.013569072,-0.013740182,-0.013913855,-0.014089316
314,2015-09-05 00:05:14,68.12069,80.0,-0.010173731,68.13376,68.146996,68.16039,68.173965,68.187706,68.20162,68.21571,68.22998,68.24442,68.25905,68.27385,68.28884,68.304016,68.31938,68.33494,68.35069,68.366646,68.3828,68.399155,68.41572,68.43249,68.44947,68.46667,68.484085,68.501724,-0.010302193,-0.010431901,-0.0105633885,-0.010696635,-0.010831296,-0.0109678805,-0.011106126,-0.01124616,-0.011387929,-0.011531487,-0.011676699,-0.011823818,-0.011972666,-0.012123354,-0.012275919,-0.012430541,-0.012586996,-0.012745507,-0.012906119,-0.013068616,-0.013233364,-0.013400167,-0.013569072,-0.013740182,-0.013913855
315,2015-09-05 00:05:15,68.10778,80.0,-0.010046914,68.12069,68.13376,68.146996,68.16039,68.173965,68.187706,68.20162,68.21571,68.22998,68.24442,68.25905,68.27385,68.28884,68.304016,68.31938,68.33494,68.35069,68.366646,68.3828,68.399155,68.41572,68.43249,68.44947,68.46667,68.484085,-0.010173731,-0.010302193,-0.010431901,-0.0105633885,-0.010696635,-0.010831296,-0.0109678805,-0.011106126,-0.01124616,-0.011387929,-0.011531487,-0.011676699,-0.011823818,-0.011972666,-0.012123354,-0.012275919,-0.012430541,-0.012586996,-0.012745507,-0.012906119,-0.013068616,-0.013233364,-0.013400167,-0.013569072,-0.013740182
316,2015-09-05 00:05:16,68.09503,80.0,-0.00992161,68.10778,68.12069,68.13376,68.146996,68.16039,68.173965,68.187706,68.20162,68.21571,68.22998,68.24442,68.25905,68.27385,68.28884,68.304016,68.31938,68.33494,68.35069,68.366646,68.3828,68.399155,68.41572,68.43249,68.44947,68.46667,-0.010046914,-0.010173731,-0.010302193,-0.010431901,-0.0105633885,-0.010696635,-0.010831296,-0.0109678805,-0.011106126,-0.01124616,-0.011387929,-0.011531487,-0.011676699,-0.011823818,-0.011972666,-0.012123354,-0.012275919,-0.012430541,-0.012586996,-0.012745507,-0.012906119,-0.013068616,-0.013233364,-0.013400167,-0.013569072
317,2015-09-05 00:05:17,68.08244,80.0,-0.009798005,68.09503,68.10778,68.12069,68.13376,68.146996,68.16039,68.173965,68.187706,68.20162,68.21571,68.22998,68.24442,68.25905,68.27385,68.28884,68.304016,68.31938,68.33494,68.35069,68.366646,68.3828,68.399155,68.41572,68.43249,68.44947,-0.00992161,-0.010046914,-0.010173731,-0.010302193,-0.010431901,-0.0105633885,-0.010696635,-0.010831296,-0.0109678805,-0.011106126,-0.01124616,-0.011387929,-0.011531487,-0.011676699,-0.011823818,-0.011972666,-0.012123354,-0.012275919,-0.012430541,-0.012586996,-0.012745507,-0.012906119,-0.013068616,-0.013233364,-0.013400167
318,2015-09-05 00:05:18,68.070015,80.0,-0.009675823,68.08244,68.09503,68.10778,68.12069,68.13376,68.146996,68.16039,68.173965,68.187706,68.20162,68.21571,68.22998,68.24442,68.25905,68.27385,68.28884,68.304016,68.31938,68.33494,68.35069,68.366646,68.3828,68.399155,68.41572,68.43249,-0.009798005,-0.00992161,-0.010046914,-0.010173731,-0.010302193,-0.010431901,-0.0105633885,-0.010696635,-0.010831296,-0.0109678805,-0.011106126,-0.01124616,-0.011387929,-0.011531487,-0.011676699,-0.011823818,-0.011972666,-0.012123354,-0.012275919,-0.012430541,-0.012586996,-0.012745507,-0.012906119,-0.013068616,-0.013233364
319,2015-09-05 00:05:19,68.05774,80.0,-0.009555161,68.070015,68.08244,68.09503,68.10778,68.12069,68.13376,68.146996,68.16039,68.173965,68.187706,68.20162,68.21571,68.22998,68.24442,68.25905,68.27385,68.28884,68.304016,68.31938,68.33494,68.35069,68.366646,68.3828,68.399155,68.41572,-0.009675823,-0.009798005,-0.00992161,-0.010046914,-0.010173731,-0.010302193,-0.010431901,-0.0105633885,-0.010696635,-0.010831296,-0.0109678805,-0.011106126,-0.01124616,-0.011387929,-0.011531487,-0.011676699,-0.011823818,-0.011972666,-0.012123354,-0.012275919,-0.012430541,-0.012586996,-0.012745507,-0.012906119,-0.013068616
320,2015-09-05 00:05:20,68.045616,80.0,-0.009435505,68.05774,68.070015,68.08244,68.09503,68.10778,68.12069,68.13376,68.146996,68.16039,68.173965,68.187706,68.20162,68.21571,68.22998,68.24442,68.25905,68.27385,68.28884,68.304016,68.31938,68.33494,68.35069,68.366646,68.3828,68.399155,-0.009555161,-0.009675823,-0.009798005,-0.00992161,-0.010046914,-0.010173731,-0.010302193,-0.010431901,-0.0105633885,-0.010696635,-0.010831296,-0.0109678805,-0.011106126,-0.01124616,-0.011387929,-0.011531487,-0.011676699,-0.011823818,-0.011972666,-0.012123354,-0.012275919,-0.012430541,-0.012586996,-0.012745507,-0.012906119
321,2015-09-05 00:05:21,68.033646,80.0,-0.009318046,68.045616,68.05774,68.070015,68.08244,68.09503,68.10778,68.12069,68.13376,68.146996,68.16039,68.173965,68.187706,68.20162,68.21571,68.22998,68.24442,68.25905,68.27385,68.28884,68.304016,68.31938,68.33494,68.35069,68.366646,68.3828,-0.009435505,-0.009555161,-0.009675823,-0.009798005,-0.00992161,-0.010046914,-0.010173731,-0.010302193,-0.010431901,-0.0105633885,-0.010696635,-0.010831296,-0.0109678805,-0.011106126,-0.01124616,-0.011387929,-0.011531487,-0.011676699,-0.011823818,-0.011972666,-0.012123354,-0.012275919,-0.012430541,-0.012586996,-0.012745507
322,2015-09-05 00:05:22,68.02182,80.0,-0.00920178,68.033646,68.045616,68.05774,68.070015,68.08244,68.09503,68.10778,68.12069,68.13376,68.146996,68.16039,68.173965,68.187706,68.20162,68.21571,68.22998,68.24442,68.25905,68.27385,68.28884,68.304016,68.31938,68.33494,68.35069,68.366646,-0.009318046,-0.009435505,-0.009555161,-0.009675823,-0.009798005,-0.00992161,-0.010046914,-0.010173731,-0.010302193,-0.010431901,-0.0105633885,-0.010696635,-0.010831296,-0.0109678805,-0.011106126,-0.01124616,-0.011387929,-0.011531487,-0.011676699,-0.011823818,-0.011972666,-0.012123354,-0.012275919,-0.012430541,-0.012586996
323,2015-09-05 00:05:23,68.01015,80.0,-0.009086855,68.02182,68.033646,68.045616,68.05774,68.070015,68.08244,68.09503,68.10778,68.12069,68.13376,68.146996,68.16039,68.173965,68.187706,68.20162,68.21571,68.22998,68.24442,68.25905,68.27385,68.28884,68.304016,68.31938,68.33494,68.35069,-0.00920178,-0.009318046,-0.009435505,-0.009555161,-0.009675823,-0.009798005,-0.00992161,-0.010046914,-0.010173731,-0.010302193,-0.010431901,-0.0105633885,-0.010696635,-0.010831296,-0.0109678805,-0.011106126,-0.01124616,-0.011387929,-0.011531487,-0.011676699,-0.011823818,-0.011972666,-0.012123354,-0.012275919,-0.012430541
324,2015-09-05 00:05:24,67.99862,80.0,-0.00897339,68.01015,68.02182,68.033646,68.045616,68.05774,68.070015,68.08244,68.09503,68.10778,68.12069,68.13376,68.146996,68.16039,68.173965,68.187706,68.20162,68.21571,68.22998,68.24442,68.25905,68.27385,68.28884,68.304016,68.31938,68.33494,-0.009086855,-0.00920178,-0.009318046,-0.009435505,-0.009555161,-0.009675823,-0.009798005,-0.00992161,-0.010046914,-0.010173731,-0.010302193,-0.010431901,-0.0105633885,-0.010696635,-0.010831296,-0.0109678805,-0.011106126,-0.01124616,-0.011387929,-0.011531487,-0.011676699,-0.011823818,-0.011972666,-0.012123354,-0.012275919
325,2015-09-05 00:05:25,67.98723,80.0,-0.008861214,67.99862,68.01015,68.02182,68.033646,68.045616,68.05774,68.070015,68.08244,68.09503,68.10778,68.12069,68.13376,68.146996,68.16039,68.173965,68.187706,68.20162,68.21571,68.22998,68.24442,68.25905,68.27385,68.28884,68.304016,68.31938,-0.00897339,-0.009086855,-0.00920178,-0.009318046,-0.009435505,-0.009555161,-0.009675823,-0.009798005,-0.00992161,-0.010046914,-0.010173731,-0.010302193,-0.010431901,-0.0105633885,-0.010696635,-0.010831296,-0.0109678805,-0.011106126,-0.01124616,-0.011387929,-0.011531487,-0.011676699,-0.011823818,-0.011972666,-0.012123354
326,2015-09-05 00:05:26,67.97598,80.0,-0.008750774,67.98723,67.99862,68.01015,68.02182,68.033646,68.045616,68.05774,68.070015,68.08244,68.09503,68.10778,68.12069,68.13376,68.146996,68.16039,68.173965,68.187706,68.20162,68.21571,68.22998,68.24442,68.25905,68.27385,68.28884,68.304016,-0.008861214,-0.00897339,-0.009086855,-0.00920178,-0.009318046,-0.009435505,-0.009555161,-0.009675823,-0.009798005,-0.00992161,-0.010046914,-0.010173731,-0.010302193,-0.010431901,-0.0105633885,-0.010696635,-0.010831296,-0.0109678805,-0.011106126,-0.01124616,-0.011387929,-0.011531487,-0.011676699,-0.011823818,-0.011972666
327,2015-09-05 00:05:27,67.964874,80.0,-0.008641347,67.97598,67.98723,67.99862,68.01015,68.02182,68.033646,68.045616,68.05774,68.070015,68.08244,68.09503,68.10778,68.12069,68.13376,68.146996,68.16039,68.173965,68.187706,68.20162,68.21571,68.22998,68.24442,68.25905,68.27385,68.28884,-0.008750774,-0.008861214,-0.00897339,-0.009086855,-0.00920178,-0.009318046,-0.009435505,-0.009555161,-0.009675823,-0.009798005,-0.00992161,-0.010046914,-0.010173731,-0.010302193,-0.010431901,-0.0105633885,-0.010696635,-0.010831296,-0.0109678805,-0.011106126,-0.01124616,-0.011387929,-0.011531487,-0.011676699,-0.011823818
328,2015-09-05 00:05:28,67.9539,80.0,-0.008537203,67.964874,67.97598,67.98723,67.99862,68.01015,68.02182,68.033646,68.045616,68.05774,68.070015,68.08244,68.09503,68.10778,68.12069,68.13376,68.146996,68.16039,68.173965,68.187706,68.20162,68.21571,68.22998,68.24442,68.25905,68.27385,-0.008641347,-0.008750774,-0.008861214,-0.00897339,-0.009086855,-0.00920178,-0.009318046,-0.009435505,-0.009555161,-0.009675823,-0.009798005,-0.00992161,-0.010046914,-0.010173731,-0.010302193,-0.010431901,-0.0105633885,-0.010696635,-0.010831296,-0.0109678805,-0.011106126,-0.01124616,-0.011387929,-0.011531487,-0.011676699
329,2015-09-05 00:05:29,67.94307,80.0,-0.008437589,67.9539,67.964874,67.97598,67.98723,67.99862,68.01015,68.02182,68.033646,68.045616,68.05774,68.070015,68.08244,68.09503,68.10778,68.12069,68.13376,68.146996,68.16039,68.173965,68.187706,68.20162,68.21571,68.22998,68.24442,68.25905,-0.008537203,-0.008641347,-0.008750774,-0.008861214,-0.00897339,-0.009086855,-0.00920178,-0.009318046,-0.009435505,-0.009555161,-0.009675823,-0.009798005,-0.00992161,-0.010046914,-0.010173731,-0.010302193,-0.010431901,-0.0105633885,-0.010696635,-0.010831296,-0.0109678805,-0.011106126,-0.01124616,-0.011387929,-0.011531487
330,2015-09-05 00:05:30,67.93237,80.0,-0.008339345,67.94307,67.9539,67.964874,67.97598,67.98723,67.99862,68.01015,68.02182,68.033646,68.045616,68.05774,68.070015,68.08244,68.09503,68.10778,68.12069,68.13376,68.146996,68.16039,68.173965,68.187706,68.20162,68.21571,68.22998,68.24442,-0.008437589,-0.008537203,-0.008641347,-0.008750774,-0.008861214,-0.00897339,-0.009086855,-0.00920178,-0.009318046,-0.009435505,-0.009555161,-0.009675823,-0.009798005,-0.00992161,-0.010046914,-0.010173731,-0.010302193,-0.010431901,-0.0105633885,-0.010696635,-0.010831296,-0.0109678805,-0.011106126,-0.01124616,-0.011387929
331,2015-09-05 00:05:31,67.92181,80.0,-0.008242309,67.93237,67.94307,67.9539,67.964874,67.97598,67.98723,67.99862,68.01015,68.02182,68.033646,68.045616,68.05774,68.070015,68.08244,68.09503,68.10778,68.12069,68.13376,68.146996,68.16039,68.173965,68.187706,68.20162,68.21571,68.22998,-0.008339345,-0.008437589,-0.008537203,-0.008641347,-0.008750774,-0.008861214,-0.00897339,-0.009086855,-0.00920178,-0.009318046,-0.009435505,-0.009555161,-0.009675823,-0.009798005,-0.00992161,-0.010046914,-0.010173731,-0.010302193,-0.010431901,-0.0105633885,-0.010696635,-0.010831296,-0.0109678805,-0.011106126,-0.01124616
332,2015-09-05 00:05:32,67.91138,80.0,-0.008146554,67.92181,67.93237,67.94307,67.9539,67.964874,67.97598,67.98723,67.99862,68.01015,68.02182,68.033646,68.045616,68.05774,68.070015,68.08244,68.09503,68.10778,68.12069,68.13376,68.146996,68.16039,68.173965,68.187706,68.20162,68.21571,-0.008242309,-0.008339345,-0.008437589,-0.008537203,-0.008641347,-0.008750774,-0.008861214,-0.00897339,-0.009086855,-0.00920178,-0.009318046,-0.009435505,-0.009555161,-0.009675823,-0.009798005,-0.00992161,-0.010046914,-0.010173731,-0.010302193,-0.010431901,-0.0105633885,-0.010696635,-0.010831296,-0.0109678805,-0.011106126
333,2015-09-05 00:05:33,67.90108,80.0,-0.008051999,67.91138,67.92181,67.93237,67.94307,67.9539,67.964874,67.97598,67.98723,67.99862,68.01015,68.02182,68.033646,68.045616,68.05774,68.070015,68.08244,68.09503,68.10778,68.12069,68.13376,68.146996,68.16039,68.173965,68.187706,68.20162,-0.008146554,-0.008242309,-0.008339345,-0.008437589,-0.008537203,-0.008641347,-0.008750774,-0.008861214,-0.00897339,-0.009086855,-0.00920178,-0.009318046,-0.009435505,-0.009555161,-0.009675823,-0.009798005,-0.00992161,-0.010046914,-0.010173731,-0.010302193,-0.010431901,-0.0105633885,-0.010696635,-0.010831296,-0.0109678805
334,2015-09-05 00:05:34,67.89091,80.0,-0.007958561,67.90108,67.91138,67.92181,67.93237,67.94307,67.9539,67.964874,67.97598,67.98723,67.99862,68.01015,68.02182,68.033646,68.045616,68.05774,68.070015,68.08244,68.09503,68.10778,68.12069,68.13376,68.146996,68.16039,68.173965,68.187706,-0.008051999,-0.008146554,-0.008242309,-0.008339345,-0.008437589,-0.008537203,-0.008641347,-0.008750774,-0.008861214,-0.00897339,-0.009086855,-0.00920178,-0.009318046,-0.009435505,-0.009555161,-0.009675823,-0.009798005,-0.00992161,-0.010046914,-0.010173731,-0.010302193,-0.010431901,-0.0105633885,-0.010696635,-0.010831296
335,2015-09-05 00:05:35,67.88086,80.0,-0.007866271,67.89091,67.90108,67.91138,67.92181,67.93237,67.94307,67.9539,67.964874,67.97598,67.98723,67.99862,68.01015,68.02182,68.033646,68.045616,68.05774,68.070015,68.08244,68.09503,68.10778,68.12069,68.13376,68.146996,68.16039,68.173965,-0.007958561,-0.008051999,-0.008146554,-0.008242309,-0.008339345,-0.008437589,-0.008537203,-0.008641347,-0.008750774,-0.008861214,-0.00897339,-0.009086855,-0.00920178,-0.009318046,-0.009435505,-0.009555161,-0.009675823,-0.009798005,-0.00992161,-0.010046914,-0.010173731,-0.010302193,-0.010431901,-0.0105633885,-0.010696635
336,2015-09-05 00:05:36,67.87094,80.0,-0.007775098,67.88086,67.89091,67.90108,67.91138,67.92181,67.93237,67.94307,67.9539,67.964874,67.97598,67.98723,67.99862,68.01015,68.02182,68.033646,68.045616,68.05774,68.070015,68.08244,68.09503,68.10778,68.12069,68.13376,68.146996,68.16039,-0.007866271,-0.007958561,-0.008051999,-0.008146554,-0.008242309,-0.008339345,-0.008437589,-0.008537203,-0.008641347,-0.008750774,-0.008861214,-0.00897339,-0.009086855,-0.00920178,-0.009318046,-0.009435505,-0.009555161,-0.009675823,-0.009798005,-0.00992161,-0.010046914,-0.010173731,-0.010302193,-0.010431901,-0.0105633885
337,2015-09-05 00:05:37,67.861145,80.0,-0.007685013,67.87094,67.88086,67.89091,67.90108,67.91138,67.92181,67.93237,67.94307,67.9539,67.964874,67.97598,67.98723,67.99862,68.01015,68.02182,68.033646,68.045616,68.05774,68.070015,68.08244,68.09503,68.10778,68.12069,68.13376,68.146996,-0.007775098,-0.007866271,-0.007958561,-0.008051999,-0.008146554,-0.008242309,-0.008339345,-0.008437589,-0.008537203,-0.008641347,-0.008750774,-0.008861214,-0.00897339,-0.009086855,-0.00920178,-0.009318046,-0.009435505,-0.009555161,-0.009675823,-0.009798005,-0.00992161,-0.010046914,-0.010173731,-0.010302193,-0.010431901
338,2015-09-05 00:05:38,67.85147,80.0,-0.0075961947,67.861145,67.87094,67.88086,67.89091,67.90108,67.91138,67.92181,67.93237,67.94307,67.9539,67.964874,67.97598,67.98723,67.99862,68.01015,68.02182,68.033646,68.045616,68.05774,68.070015,68.08244,68.09503,68.10778,68.12069,68.13376,-0.007685013,-0.007775098,-0.007866271,-0.007958561,-0.008051999,-0.008146554,-0.008242309,-0.008339345,-0.008437589,-0.008537203,-0.008641347,-0.008750774,-0.008861214,-0.00897339,-0.009086855,-0.00920178,-0.009318046,-0.009435505,-0.009555161,-0.009675823,-0.009798005,-0.00992161,-0.010046914,-0.010173731,-0.010302193
339,2015-09-05 00:05:39,67.84192,80.0,-0.007508494,67.85147,67.861145,67.87094,67.88086,67.89091,67.90108,67.91138,67.92181,67.93237,67.94307,67.9539,67.964874,67.97598,67.98723,67.99862,68.01015,68.02182,68.033646,68.045616,68.05774,68.070015,68.08244,68.09503,68.10778,68.12069,-0.0075961947,-0.007685013,-0.007775098,-0.007866271,-0.007958561,-0.008051999,-0.008146554,-0.008242309,-0.008339345,-0.008437589,-0.008537203,-0.008641347,-0.008750774,-0.008861214,-0.00897339,-0.009086855,-0.00920178,-0.009318046,-0.009435505,-0.009555161,-0.009675823,-0.009798005,-0.00992161,-0.010046914,-0.010173731
340,2015-09-05 00:05:40,67.83248,80.0,-0.007421568,67.84192,67.85147,67.861145,67.87094,67.88086,67.89091,67.90108,67.91138,67.92181,67.93237,67.94307,67.9539,67.964874,67.97598,67.98723,67.99862,68.01015,68.02182,68.033646,68.045616,68.05774,68.070015,68.08244,68.09503,68.10778,-0.007508494,-0.0075961947,-0.007685013,-0.007775098,-0.007866271,-0.007958561,-0.008051999,-0.008146554,-0.008242309,-0.008339345,-0.008437589,-0.008537203,-0.008641347,-0.008750774,-0.008861214,-0.00897339,-0.009086855,-0.00920178,-0.009318046,-0.009435505,-0.009555161,-0.009675823,-0.009798005,-0.00992161,-0.010046914
341,2015-09-05 00:05:41,67.823166,80.0,-0.0073364004,67.83248,67.84192,67.85147,67.861145,67.87094,67.88086,67.89091,67.90108,67.91138,67.92181,67.93237,67.94307,67.9539,67.964874,67.97598,67.98723,67.99862,68.01015,68.02182,68.033646,68.045616,68.05774,68.070015,68.08244,68.09503,-0.007421568,-0.007508494,-0.0075961947,-0.007685013,-0.007775098,-0.007866271,-0.007958561,-0.008051999,-0.008146554,-0.008242309,-0.008339345,-0.008437589,-0.008537203,-0.008641347,-0.008750774,-0.008861214,-0.00897339,-0.009086855,-0.00920178,-0.009318046,-0.009435505,-0.009555161,-0.009675823,-0.009798005,-0.00992161
342,2015-09-05 00:05:42,67.813965,80.0,-0.007251665,67.823166,67.83248,67.84192,67.85147,67.861145,67.87094,67.88086,67.89091,67.90108,67.91138,67.92181,67.93237,67.94307,67.9539,67.964874,67.97598,67.98723,67.99862,68.01015,68.02182,68.033646,68.045616,68.05774,68.070015,68.08244,-0.0073364004,-0.007421568,-0.007508494,-0.0075961947,-0.007685013,-0.007775098,-0.007866271,-0.007958561,-0.008051999,-0.008146554,-0.008242309,-0.008339345,-0.008437589,-0.008537203,-0.008641347,-0.008750774,-0.008861214,-0.00897339,-0.009086855,-0.00920178,-0.009318046,-0.009435505,-0.009555161,-0.009675823,-0.009798005
343,2015-09-05 00:05:43,67.80488,80.0,-0.0071683377,67.813965,67.823166,67.83248,67.84192,67.85147,67.861145,67.87094,67.88086,67.89091,67.90108,67.91138,67.92181,67.93237,67.94307,67.9539,67.964874,67.97598,67.98723,67.99862,68.01015,68.02182,68.033646,68.045616,68.05774,68.070015,-0.007251665,-0.0073364004,-0.007421568,-0.007508494,-0.0075961947,-0.007685013,-0.007775098,-0.007866271,-0.007958561,-0.008051999,-0.008146554,-0.008242309,-0.008339345,-0.008437589,-0.008537203,-0.008641347,-0.008750774,-0.008861214,-0.00897339,-0.009086855,-0.00920178,-0.009318046,-0.009435505,-0.009555161,-0.009675823
344,2015-09-05 00:05:44,67.795906,80.0,-0.0070860386,67.80488,67.813965,67.823166,67.83248,67.84192,67.85147,67.861145,67.87094,67.88086,67.89091,67.90108,67.91138,67.92181,67.93237,67.94307,67.9539,67.964874,67.97598,67.98723,67.99862,68.01015,68.02182,68.033646,68.045616,68.05774,-0.0071683377,-0.007251665,-0.0073364004,-0.007421568,-0.007508494,-0.0075961947,-0.007685013,-0.007775098,-0.007866271,-0.007958561,-0.008051999,-0.008146554,-0.008242309,-0.008339345,-0.008437589,-0.008537203,-0.008641347,-0.008750774,-0.008861214,-0.00897339,-0.009086855,-0.00920178,-0.009318046,-0.009435505,-0.009555161
345,2015-09-05 00:05:45,67.78705,80.0,-0.0070046037,67.795906,67.80488,67.813965,67.823166,67.83248,67.84192,67.85147,67.861145,67.87094,67.88086,67.89091,67.90108,67.91138,67.92181,67.93237,67.94307,67.9539,67.964874,67.97598,67.98723,67.99862,68.01015,68.02182,68.033646,68.045616,-0.0070860386,-0.0071683377,-0.007251665,-0.0073364004,-0.007421568,-0.007508494,-0.0075961947,-0.007685013,-0.007775098,-0.007866271,-0.007958561,-0.008051999,-0.008146554,-0.008242309,-0.008339345,-0.008437589,-0.008537203,-0.008641347,-0.008750774,-0.008861214,-0.00897339,-0.009086855,-0.00920178,-0.009318046,-0.009435505
346,2015-09-05 00:05:46,67.7783,80.0,-0.0069241896,67.78705,67.795906,67.80488,67.813965,67.823166,67.83248,67.84192,67.85147,67.861145,67.87094,67.88086,67.89091,67.90108,67.91138,67.92181,67.93237,67.94307,67.9539,67.964874,67.97598,67.98723,67.99862,68.01015,68.02182,68.033646,-0.0070046037,-0.0070860386,-0.0071683377,-0.007251665,-0.0073364004,-0.007421568,-0.007508494,-0.0075961947,-0.007685013,-0.007775098,-0.007866271,-0.007958561,-0.008051999,-0.008146554,-0.008242309,-0.008339345,-0.008437589,-0.008537203,-0.008641347,-0.008750774,-0.008861214,-0.00897339,-0.009086855,-0.00920178,-0.009318046
347,2015-09-05 00:05:47,67.76965,80.0,-0.0068448484,67.7783,67.78705,67.795906,67.80488,67.813965,67.823166,67.83248,67.84192,67.85147,67.861145,67.87094,67.88086,67.89091,67.90108,67.91138,67.92181,67.93237,67.94307,67.9539,67.964874,67.97598,67.98723,67.99862,68.01015,68.02182,-0.0069241896,-0.0070046037,-0.0070860386,-0.0071683377,-0.007251665,-0.0073364004,-0.007421568,-0.007508494,-0.0075961947,-0.007685013,-0.007775098,-0.007866271,-0.007958561,-0.008051999,-0.008146554,-0.008242309,-0.008339345,-0.008437589,-0.008537203,-0.008641347,-0.008750774,-0.008861214,-0.00897339,-0.009086855,-0.00920178
348,2015-09-05 00:05:48,67.761116,80.0,-0.006766364,67.76965,67.7783,67.78705,67.795906,67.80488,67.813965,67.823166,67.83248,67.84192,67.85147,67.861145,67.87094,67.88086,67.89091,67.90108,67.91138,67.92181,67.93237,67.94307,67.9539,67.964874,67.97598,67.98723,67.99862,68.01015,-0.0068448484,-0.0069241896,-0.0070046037,-0.0070860386,-0.0071683377,-0.007251665,-0.0073364004,-0.007421568,-0.007508494,-0.0075961947,-0.007685013,-0.007775098,-0.007866271,-0.007958561,-0.008051999,-0.008146554,-0.008242309,-0.008339345,-0.008437589,-0.008537203,-0.008641347,-0.008750774,-0.008861214,-0.00897339,-0.009086855
349,2015-09-05 00:05:49,67.75268,80.0,-0.0066890046,67.761116,67.76965,67.7783,67.78705,67.795906,67.80488,67.813965,67.823166,67.83248,67.84192,67.85147,67.861145,67.87094,67.88086,67.89091,67.90108,67.91138,67.92181,67.93237,67.94307,67.9539,67.964874,67.97598,67.98723,67.99862,-0.006766364,-0.0068448484,-0.0069241896,-0.0070046037,-0.0070860386,-0.0071683377,-0.007251665,-0.0073364004,-0.007421568,-0.007508494,-0.0075961947,-0.007685013,-0.007775098,-0.007866271,-0.007958561,-0.008051999,-0.008146554,-0.008242309,-0.008339345,-0.008437589,-0.008537203,-0.008641347,-0.008750774,-0.008861214,-0.00897339
350,2015-09-05 00:05:50,67.74434,80.0,-0.006612748,67.75268,67.761116,67.76965,67.7783,67.78705,67.795906,67.80488,67.813965,67.823166,67.83248,67.84192,67.85147,67.861145,67.87094,67.88086,67.89091,67.90108,67.91138,67.92181,67.93237,67.94307,67.9539,67.964874,67.97598,67.98723,-0.0066890046,-0.006766364,-0.0068448484,-0.0069241896,-0.0070046037,-0.0070860386,-0.0071683377,-0.007251665,-0.0073364004,-0.007421568,-0.007508494,-0.0075961947,-0.007685013,-0.007775098,-0.007866271,-0.007958561,-0.008051999,-0.008146554,-0.008242309,-0.008339345,-0.008437589,-0.008537203,-0.008641347,-0.008750774,-0.008861214
351,2015-09-05 00:05:51,67.7361,80.0,-0.006537266,67.74434,67.75268,67.761116,67.76965,67.7783,67.78705,67.795906,67.80488,67.813965,67.823166,67.83248,67.84192,67.85147,67.861145,67.87094,67.88086,67.89091,67.90108,67.91138,67.92181,67.93237,67.94307,67.9539,67.964874,67.97598,-0.006612748,-0.0066890046,-0.006766364,-0.0068448484,-0.0069241896,-0.0070046037,-0.0070860386,-0.0071683377,-0.007251665,-0.0073364004,-0.007421568,-0.007508494,-0.0075961947,-0.007685013,-0.007775098,-0.007866271,-0.007958561,-0.008051999,-0.008146554,-0.008242309,-0.008339345,-0.008437589,-0.008537203,-0.008641347,-0.008750774
352,2015-09-05 00:05:52,67.72795,80.0,-0.0064627677,67.7361,67.74434,67.75268,67.761116,67.76965,67.7783,67.78705,67.795906,67.80488,67.813965,67.823166,67.83248,67.84192,67.85147,67.861145,67.87094,67.88086,67.89091,67.90108,67.91138,67.92181,67.93237,67.94307,67.9539,67.964874,-0.006537266,-0.006612748,-0.0066890046,-0.006766364,-0.0068448484,-0.0069241896,-0.0070046037,-0.0070860386,-0.0071683377,-0.007251665,-0.0073364004,-0.007421568,-0.007508494,-0.0075961947,-0.007685013,-0.007775098,-0.007866271,-0.007958561,-0.008051999,-0.008146554,-0.008242309,-0.008339345,-0.008437589,-0.008537203,-0.008641347
353,2015-09-05 00:05:53,67.7199,80.0,-0.0063892156,67.72795,67.7361,67.74434,67.75268,67.761116,67.76965,67.7783,67.78705,67.795906,67.80488,67.813965,67.823166,67.83248,67.84192,67.85147,67.861145,67.87094,67.88086,67.89091,67.90108,67.91138,67.92181,67.93237,67.94307,67.9539,-0.0064627677,-0.006537266,-0.006612748,-0.0066890046,-0.006766364,-0.0068448484,-0.0069241896,-0.0070046037,-0.0070860386,-0.0071683377,-0.007251665,-0.0073364004,-0.007421568,-0.007508494,-0.0075961947,-0.007685013,-0.007775098,-0.007866271,-0.007958561,-0.008051999,-0.008146554,-0.008242309,-0.008339345,-0.008437589,-0.008537203
354,2015-09-05 00:05:54,67.711945,80.0,-0.0063169077,67.7199,67.72795,67.7361,67.74434,67.75268,67.761116,67.76965,67.7783,67.78705,67.795906,67.80488,67.813965,67.823166,67.83248,67.84192,67.85147,67.861145,67.87094,67.88086,67.89091,67.90108,67.91138,67.92181,67.93237,67.94307,-0.0063892156,-0.0064627677,-0.006537266,-0.006612748,-0.0066890046,-0.006766364,-0.0068448484,-0.0069241896,-0.0070046037,-0.0070860386,-0.0071683377,-0.007251665,-0.0073364004,-0.007421568,-0.007508494,-0.0075961947,-0.007685013,-0.007775098,-0.007866271,-0.007958561,-0.008051999,-0.008146554,-0.008242309,-0.008339345,-0.008437589
355,2015-09-05 00:05:55,67.70408,80.0,-0.006245494,67.711945,67.7199,67.72795,67.7361,67.74434,67.75268,67.761116,67.76965,67.7783,67.78705,67.795906,67.80488,67.813965,67.823166,67.83248,67.84192,67.85147,67.861145,67.87094,67.88086,67.89091,67.90108,67.91138,67.92181,67.93237,-0.0063169077,-0.0063892156,-0.0064627677,-0.006537266,-0.006612748,-0.0066890046,-0.006766364,-0.0068448484,-0.0069241896,-0.0070046037,-0.0070860386,-0.0071683377,-0.007251665,-0.0073364004,-0.007421568,-0.007508494,-0.0075961947,-0.007685013,-0.007775098,-0.007866271,-0.007958561,-0.008051999,-0.008146554,-0.008242309,-0.008339345
356,2015-09-05 00:05:56,67.696304,80.0,-0.0061748624,67.70408,67.711945,67.7199,67.72795,67.7361,67.74434,67.75268,67.761116,67.76965,67.7783,67.78705,67.795906,67.80488,67.813965,67.823166,67.83248,67.84192,67.85147,67.861145,67.87094,67.88086,67.89091,67.90108,67.91138,67.92181,-0.006245494,-0.0063169077,-0.0063892156,-0.0064627677,-0.006537266,-0.006612748,-0.0066890046,-0.006766364,-0.0068448484,-0.0069241896,-0.0070046037,-0.0070860386,-0.0071683377,-0.007251665,-0.0073364004,-0.007421568,-0.007508494,-0.0075961947,-0.007685013,-0.007775098,-0.007866271,-0.007958561,-0.008051999,-0.008146554,-0.008242309
357,2015-09-05 00:05:57,67.68862,80.0,-0.0061052516,67.696304,67.70408,67.711945,67.7199,67.72795,67.7361,67.74434,67.75268,67.761116,67.76965,67.7783,67.78705,67.795906,67.80488,67.813965,67.823166,67.83248,67.84192,67.85147,67.861145,67.87094,67.88086,67.89091,67.90108,67.91138,-0.0061748624,-0.006245494,-0.0063169077,-0.0063892156,-0.0064627677,-0.006537266,-0.006612748,-0.0066890046,-0.006766364,-0.0068448484,-0.0069241896,-0.0070046037,-0.0070860386,-0.0071683377,-0.007251665,-0.0073364004,-0.007421568,-0.007508494,-0.0075961947,-0.007685013,-0.007775098,-0.007866271,-0.007958561,-0.008051999,-0.008146554
358,2015-09-05 00:05:58,67.68102,80.0,-0.006036505,67.68862,67.696304,67.70408,67.711945,67.7199,67.72795,67.7361,67.74434,67.75268,67.761116,67.76965,67.7783,67.78705,67.795906,67.80488,67.813965,67.823166,67.83248,67.84192,67.85147,67.861145,67.87094,67.88086,67.89091,67.90108,-0.0061052516,-0.0061748624,-0.006245494,-0.0063169077,-0.0063892156,-0.0064627677,-0.006537266,-0.006612748,-0.0066890046,-0.006766364,-0.0068448484,-0.0069241896,-0.0070046037,-0.0070860386,-0.0071683377,-0.007251665,-0.0073364004,-0.007421568,-0.007508494,-0.0075961947,-0.007685013,-0.007775098,-0.007866271,-0.007958561,-0.008051999
359,2015-09-05 00:05:59,67.673515,80.0,-0.005968645,67.68102,67.68862,67.696304,67.70408,67.711945,67.7199,67.72795,67.7361,67.74434,67.75268,67.761116,67.76965,67.7783,67.78705,67.795906,67.80488,67.813965,67.823166,67.83248,67.84192,67.85147,67.861145,67.87094,67.88086,67.89091,-0.006036505,-0.0061052516,-0.0061748624,-0.006245494,-0.0063169077,-0.0063892156,-0.0064627677,-0.006537266,-0.006612748,-0.0066890046,-0.006766364,-0.0068448484,-0.0069241896,-0.0070046037,-0.0070860386,-0.0071683377,-0.007251665,-0.0073364004,-0.007421568,-0.007508494,-0.0075961947,-0.007685013,-0.007775098,-0.007866271,-0.007958561
360,2015-09-05 00:06:00,67.66609,80.0,-0.0059013516,67.673515,67.68102,67.68862,67.696304,67.70408,67.711945,67.7199,67.72795,67.7361,67.74434,67.75268,67.761116,67.76965,67.7783,67.78705,67.795906,67.80488,67.813965,67.823166,67.83248,67.84192,67.85147,67.861145,67.87094,67.88086,-0.005968645,-0.006036505,-0.0061052516,-0.0061748624,-0.006245494,-0.0063169077,-0.0063892156,-0.0064627677,-0.006537266,-0.006612748,-0.0066890046,-0.006766364,-0.0068448484,-0.0069241896,-0.0070046037,-0.0070860386,-0.0071683377,-0.007251665,-0.0073364004,-0.007421568,-0.007508494,-0.0075961947,-0.007685013,-0.007775098,-0.007866271
361,2015-09-05 00:06:01,67.65875,80.0,-0.005835131,67.66609,67.673515,67.68102,67.68862,67.696304,67.70408,67.711945,67.7199,67.72795,67.7361,67.74434,67.75268,67.761116,67.76965,67.7783,67.78705,67.795906,67.80488,67.813965,67.823166,67.83248,67.84192,67.85147,67.861145,67.87094,-0.0059013516,-0.005968645,-0.006036505,-0.0061052516,-0.0061748624,-0.006245494,-0.0063169077,-0.0063892156,-0.0064627677,-0.006537266,-0.006612748,-0.0066890046,-0.006766364,-0.0068448484,-0.0069241896,-0.0070046037,-0.0070860386,-0.0071683377,-0.007251665,-0.0073364004,-0.007421568,-0.007508494,-0.0075961947,-0.007685013,-0.007775098
362,2015-09-05 00:06:02,67.651505,80.0,-0.005769551,67.65875,67.66609,67.673515,67.68102,67.68862,67.696304,67.70408,67.711945,67.7199,67.72795,67.7361,67.74434,67.75268,67.761116,67.76965,67.7783,67.78705,67.795906,67.80488,67.813965,67.823166,67.83248,67.84192,67.85147,67.861145,-0.005835131,-0.0059013516,-0.005968645,-0.006036505,-0.0061052516,-0.0061748624,-0.006245494,-0.0063169077,-0.0063892156,-0.0064627677,-0.006537266,-0.006612748,-0.0066890046,-0.006766364,-0.0068448484,-0.0069241896,-0.0070046037,-0.0070860386,-0.0071683377,-0.007251665,-0.0073364004,-0.007421568,-0.007508494,-0.0075961947,-0.007685013
363,2015-09-05 00:06:03,67.64433,80.0,-0.00570482,67.651505,67.65875,67.66609,67.673515,67.68102,67.68862,67.696304,67.70408,67.711945,67.7199,67.72795,67.7361,67.74434,67.75268,67.761116,67.76965,67.7783,67.78705,67.795906,67.80488,67.813965,67.823166,67.83248,67.84192,67.85147,-0.005769551,-0.005835131,-0.0059013516,-0.005968645,-0.006036505,-0.0061052516,-0.0061748624,-0.006245494,-0.0063169077,-0.0063892156,-0.0064627677,-0.006537266,-0.006612748,-0.0066890046,-0.006766364,-0.0068448484,-0.0069241896,-0.0070046037,-0.0070860386,-0.0071683377,-0.007251665,-0.0073364004,-0.007421568,-0.007508494,-0.0075961947
364,2015-09-05 00:06:04,67.637245,80.0,-0.00564079,67.64433,67.651505,67.65875,67.66609,67.673515,67.68102,67.68862,67.696304,67.70408,67.711945,67.7199,67.72795,67.7361,67.74434,67.75268,67.761116,67.76965,67.7783,67.78705,67.795906,67.80488,67.813965,67.823166,67.83248,67.84192,-0.00570482,-0.005769551,-0.005835131,-0.0059013516,-0.005968645,-0.006036505,-0.0061052516,-0.0061748624,-0.006245494,-0.0063169077,-0.0063892156,-0.0064627677,-0.006537266,-0.006612748,-0.0066890046,-0.006766364,-0.0068448484,-0.0069241896,-0.0070046037,-0.0070860386,-0.0071683377,-0.007251665,-0.0073364004,-0.007421568,-0.007508494
365,2015-09-05 00:06:05,67.63024,80.0,-0.0055777803,67.637245,67.64433,67.651505,67.65875,67.66609,67.673515,67.68102,67.68862,67.696304,67.70408,67.711945,67.7199,67.72795,67.7361,67.74434,67.75268,67.761116,67.76965,67.7783,67.78705,67.795906,67.80488,67.813965,67.823166,67.83248,-0.00564079,-0.00570482,-0.005769551,-0.005835131,-0.0059013516,-0.005968645,-0.006036505,-0.0061052516,-0.0061748624,-0.006245494,-0.0063169077,-0.0063892156,-0.0064627677,-0.006537266,-0.006612748,-0.0066890046,-0.006766364,-0.0068448484,-0.0069241896,-0.0070046037,-0.0070860386,-0.0071683377,-0.007251665,-0.0073364004,-0.007421568
366,2015-09-05 00:06:06,67.623314,80.0,-0.0055152476,67.63024,67.637245,67.64433,67.651505,67.65875,67.66609,67.673515,67.68102,67.68862,67.696304,67.70408,67.711945,67.7199,67.72795,67.7361,67.74434,67.75268,67.761116,67.76965,67.7783,67.78705,67.795906,67.80488,67.813965,67.823166,-0.0055777803,-0.00564079,-0.00570482,-0.005769551,-0.005835131,-0.0059013516,-0.005968645,-0.006036505,-0.0061052516,-0.0061748624,-0.006245494,-0.0063169077,-0.0063892156,-0.0064627677,-0.006537266,-0.006612748,-0.0066890046,-0.006766364,-0.0068448484,-0.0069241896,-0.0070046037,-0.0070860386,-0.0071683377,-0.007251665,-0.0073364004
367,2015-09-05 00:06:07,67.61647,80.0,-0.0054536536,67.623314,67.63024,67.637245,67.64433,67.651505,67.65875,67.66609,67.673515,67.68102,67.68862,67.696304,67.70408,67.711945,67.7199,67.72795,67.7361,67.74434,67.75268,67.761116,67.76965,67.7783,67.78705,67.795906,67.80488,67.813965,-0.0055152476,-0.0055777803,-0.00564079,-0.00570482,-0.005769551,-0.005835131,-0.0059013516,-0.005968645,-0.006036505,-0.0061052516,-0.0061748624,-0.006245494,-0.0063169077,-0.0063892156,-0.0064627677,-0.006537266,-0.006612748,-0.0066890046,-0.006766364,-0.0068448484,-0.0069241896,-0.0070046037,-0.0070860386,-0.0071683377,-0.007251665
368,2015-09-05 00:06:08,67.6097,80.0,-0.0053923205,67.61647,67.623314,67.63024,67.637245,67.64433,67.651505,67.65875,67.66609,67.673515,67.68102,67.68862,67.696304,67.70408,67.711945,67.7199,67.72795,67.7361,67.74434,67.75268,67.761116,67.76965,67.7783,67.78705,67.795906,67.80488,-0.0054536536,-0.0055152476,-0.0055777803,-0.00564079,-0.00570482,-0.005769551,-0.005835131,-0.0059013516,-0.005968645,-0.006036505,-0.0061052516,-0.0061748624,-0.006245494,-0.0063169077,-0.0063892156,-0.0064627677,-0.006537266,-0.006612748,-0.0066890046,-0.006766364,-0.0068448484,-0.0069241896,-0.0070046037,-0.0070860386,-0.0071683377
369,2015-09-05 00:06:09,67.60301,80.0,-0.005332224,67.6097,67.61647,67.623314,67.63024,67.637245,67.64433,67.651505,67.65875,67.66609,67.673515,67.68102,67.68862,67.696304,67.70408,67.711945,67.7199,67.72795,67.7361,67.74434,67.75268,67.761116,67.76965,67.7783,67.78705,67.795906,-0.0053923205,-0.0054536536,-0.0055152476,-0.0055777803,-0.00564079,-0.00570482,-0.005769551,-0.005835131,-0.0059013516,-0.005968645,-0.006036505,-0.0061052516,-0.0061748624,-0.006245494,-0.0063169077,-0.0063892156,-0.0064627677,-0.006537266,-0.006612748,-0.0066890046,-0.006766364,-0.0068448484,-0.0069241896,-0.0070046037,-0.0070860386
370,2015-09-05 00:06:10,67.5964,80.0,-0.005272299,67.60301,67.6097,67.61647,67.623314,67.63024,67.637245,67.64433,67.651505,67.65875,67.66609,67.673515,67.68102,67.68862,67.696304,67.70408,67.711945,67.7199,67.72795,67.7361,67.74434,67.75268,67.761116,67.76965,67.7783,67.78705,-0.005332224,-0.0053923205,-0.0054536536,-0.0055152476,-0.0055777803,-0.00564079,-0.00570482,-0.005769551,-0.005835131,-0.0059013516,-0.005968645,-0.006036505,-0.0061052516,-0.0061748624,-0.006245494,-0.0063169077,-0.0063892156,-0.0064627677,-0.006537266,-0.006612748,-0.0066890046,-0.006766364,-0.0068448484,-0.0069241896,-0.0070046037
371,2015-09-05 00:06:11,67.58986,80.0,-0.0052132756,67.5964,67.60301,67.6097,67.61647,67.623314,67.63024,67.637245,67.64433,67.651505,67.65875,67.66609,67.673515,67.68102,67.68862,67.696304,67.70408,67.711945,67.7199,67.72795,67.7361,67.74434,67.75268,67.761116,67.76965,67.7783,-0.005272299,-0.005332224,-0.0053923205,-0.0054536536,-0.0055152476,-0.0055777803,-0.00564079,-0.00570482,-0.005769551,-0.005835131,-0.0059013516,-0.005968645,-0.006036505,-0.0061052516,-0.0061748624,-0.006245494,-0.0063169077,-0.0063892156,-0.0064627677,-0.006537266,-0.006612748,-0.0066890046,-0.006766364,-0.0068448484,-0.0069241896
372,2015-09-05 00:06:12,67.5834,80.0,-0.005154982,67.58986,67.5964,67.60301,67.6097,67.61647,67.623314,67.63024,67.637245,67.64433,67.651505,67.65875,67.66609,67.673515,67.68102,67.68862,67.696304,67.70408,67.711945,67.7199,67.72795,67.7361,67.74434,67.75268,67.761116,67.76965,-0.0052132756,-0.005272299,-0.005332224,-0.0053923205,-0.0054536536,-0.0055152476,-0.0055777803,-0.00564079,-0.00570482,-0.005769551,-0.005835131,-0.0059013516,-0.005968645,-0.006036505,-0.0061052516,-0.0061748624,-0.006245494,-0.0063169077,-0.0063892156,-0.0064627677,-0.006537266,-0.006612748,-0.0066890046,-0.006766364,-0.0068448484
373,2015-09-05 00:06:13,67.57701,80.0,-0.0050971583,67.5834,67.58986,67.5964,67.60301,67.6097,67.61647,67.623314,67.63024,67.637245,67.64433,67.651505,67.65875,67.66609,67.673515,67.68102,67.68862,67.696304,67.70408,67.711945,67.7199,67.72795,67.7361,67.74434,67.75268,67.761116,-0.005154982,-0.0052132756,-0.005272299,-0.005332224,-0.0053923205,-0.0054536536,-0.0055152476,-0.0055777803,-0.00564079,-0.00570482,-0.005769551,-0.005835131,-0.0059013516,-0.005968645,-0.006036505,-0.0061052516,-0.0061748624,-0.006245494,-0.0063169077,-0.0063892156,-0.0064627677,-0.006537266,-0.006612748,-0.0066890046,-0.006766364
374,2015-09-05 00:06:14,67.570694,80.0,-0.0050402433,67.57701,67.5834,67.58986,67.5964,67.60301,67.6097,67.61647,67.623314,67.63024,67.637245,67.64433,67.651505,67.65875,67.66609,67.673515,67.68102,67.68862,67.696304,67.70408,67.711945,67.7199,67.72795,67.7361,67.74434,67.75268,-0.0050971583,-0.005154982,-0.0052132756,-0.005272299,-0.005332224,-0.0053923205,-0.0054536536,-0.0055152476,-0.0055777803,-0.00564079,-0.00570482,-0.005769551,-0.005835131,-0.0059013516,-0.005968645,-0.006036505,-0.0061052516,-0.0061748624,-0.006245494,-0.0063169077,-0.0063892156,-0.0064627677,-0.006537266,-0.006612748,-0.0066890046
375,2015-09-05 00:06:15,67.564445,80.0,-0.0049840435,67.570694,67.57701,67.5834,67.58986,67.5964,67.60301,67.6097,67.61647,67.623314,67.63024,67.637245,67.64433,67.651505,67.65875,67.66609,67.673515,67.68102,67.68862,67.696304,67.70408,67.711945,67.7199,67.72795,67.7361,67.74434,-0.0050402433,-0.0050971583,-0.005154982,-0.0052132756,-0.005272299,-0.005332224,-0.0053923205,-0.0054536536,-0.0055152476,-0.0055777803,-0.00564079,-0.00570482,-0.005769551,-0.005835131,-0.0059013516,-0.005968645,-0.006036505,-0.0061052516,-0.0061748624,-0.006245494,-0.0063169077,-0.0063892156,-0.0064627677,-0.006537266,-0.006612748
376,2015-09-05 00:06:16,67.55827,80.0,-0.0049282387,67.564445,67.570694,67.57701,67.5834,67.58986,67.5964,67.60301,67.6097,67.61647,67.623314,67.63024,67.637245,67.64433,67.651505,67.65875,67.66609,67.673515,67.68102,67.68862,67.696304,67.70408,67.711945,67.7199,67.72795,67.7361,-0.0049840435,-0.0050402433,-0.0050971583,-0.005154982,-0.0052132756,-0.005272299,-0.005332224,-0.0053923205,-0.0054536536,-0.0055152476,-0.0055777803,-0.00564079,-0.00570482,-0.005769551,-0.005835131,-0.0059013516,-0.005968645,-0.006036505,-0.0061052516,-0.0061748624,-0.006245494,-0.0063169077,-0.0063892156,-0.0064627677,-0.006537266
377,2015-09-05 00:06:17,67.55217,80.0,-0.004873112,67.55827,67.564445,67.570694,67.57701,67.5834,67.58986,67.5964,67.60301,67.6097,67.61647,67.623314,67.63024,67.637245,67.64433,67.651505,67.65875,67.66609,67.673515,67.68102,67.68862,67.696304,67.70408,67.711945,67.7199,67.72795,-0.0049282387,-0.0049840435,-0.0050402433,-0.0050971583,-0.005154982,-0.0052132756,-0.005272299,-0.005332224,-0.0053923205,-0.0054536536,-0.0055152476,-0.0055777803,-0.00564079,-0.00570482,-0.005769551,-0.005835131,-0.0059013516,-0.005968645,-0.006036505,-0.0061052516,-0.0061748624,-0.006245494,-0.0063169077,-0.0063892156,-0.0064627677
378,2015-09-05 00:06:18,67.546135,80.0,-0.00481873,67.55217,67.55827,67.564445,67.570694,67.57701,67.5834,67.58986,67.5964,67.60301,67.6097,67.61647,67.623314,67.63024,67.637245,67.64433,67.651505,67.65875,67.66609,67.673515,67.68102,67.68862,67.696304,67.70408,67.711945,67.7199,-0.004873112,-0.0049282387,-0.0049840435,-0.0050402433,-0.0050971583,-0.005154982,-0.0052132756,-0.005272299,-0.005332224,-0.0053923205,-0.0054536536,-0.0055152476,-0.0055777803,-0.00564079,-0.00570482,-0.005769551,-0.005835131,-0.0059013516,-0.005968645,-0.006036505,-0.0061052516,-0.0061748624,-0.006245494,-0.0063169077,-0.0063892156
379,2015-09-05 00:06:19,67.54017,80.0,-0.004764676,67.546135,67.55217,67.55827,67.564445,67.570694,67.57701,67.5834,67.58986,67.5964,67.60301,67.6097,67.61647,67.623314,67.63024,67.637245,67.64433,67.651505,67.65875,67.66609,67.673515,67.68102,67.68862,67.696304,67.70408,67.711945,-0.00481873,-0.004873112,-0.0049282387,-0.0049840435,-0.0050402433,-0.0050971583,-0.005154982,-0.0052132756,-0.005272299,-0.005332224,-0.0053923205,-0.0054536536,-0.0055152476,-0.0055777803,-0.00564079,-0.00570482,-0.005769551,-0.005835131,-0.0059013516,-0.005968645,-0.006036505,-0.0061052516,-0.0061748624,-0.006245494,-0.0063169077
380,2015-09-05 00:06:20,67.53426,80.0,-0.0047116876,67.54017,67.546135,67.55217,67.55827,67.564445,67.570694,67.57701,67.5834,67.58986,67.5964,67.60301,67.6097,67.61647,67.623314,67.63024,67.637245,67.64433,67.651505,67.65875,67.66609,67.673515,67.68102,67.68862,67.696304,67.70408,-0.004764676,-0.00481873,-0.004873112,-0.0049282387,-0.0049840435,-0.0050402433,-0.0050971583,-0.005154982,-0.0052132756,-0.005272299,-0.005332224,-0.0053923205,-0.0054536536,-0.0055152476,-0.0055777803,-0.00564079,-0.00570482,-0.005769551,-0.005835131,-0.0059013516,-0.005968645,-0.006036505,-0.0061052516,-0.0061748624,-0.006245494
381,2015-09-05 00:06:21,67.52843,80.0,-0.004659146,67.53426,67.54017,67.546135,67.55217,67.55827,67.564445,67.570694,67.57701,67.5834,67.58986,67.5964,67.60301,67.6097,67.61647,67.623314,67.63024,67.637245,67.64433,67.651505,67.65875,67.66609,67.673515,67.68102,67.68862,67.696304,-0.0047116876,-0.004764676,-0.00481873,-0.004873112,-0.0049282387,-0.0049840435,-0.0050402433,-0.0050971583,-0.005154982,-0.0052132756,-0.005272299,-0.005332224,-0.0053923205,-0.0054536536,-0.0055152476,-0.0055777803,-0.00564079,-0.00570482,-0.005769551,-0.005835131,-0.0059013516,-0.005968645,-0.006036505,-0.0061052516,-0.0061748624
382,2015-09-05 00:06:22,67.52266,80.0,-0.0046070293,67.52843,67.53426,67.54017,67.546135,67.55217,67.55827,67.564445,67.570694,67.57701,67.5834,67.58986,67.5964,67.60301,67.6097,67.61647,67.623314,67.63024,67.637245,67.64433,67.651505,67.65875,67.66609,67.673515,67.68102,67.68862,-0.004659146,-0.0047116876,-0.004764676,-0.00481873,-0.004873112,-0.0049282387,-0.0049840435,-0.0050402433,-0.0050971583,-0.005154982,-0.0052132756,-0.005272299,-0.005332224,-0.0053923205,-0.0054536536,-0.0055152476,-0.0055777803,-0.00564079,-0.00570482,-0.005769551,-0.005835131,-0.0059013516,-0.005968645,-0.006036505,-0.0061052516
383,2015-09-05 00:06:23,67.51695,80.0,-0.004555717,67.52266,67.52843,67.53426,67.54017,67.546135,67.55217,67.55827,67.564445,67.570694,67.57701,67.5834,67.58986,67.5964,67.60301,67.6097,67.61647,67.623314,67.63024,67.637245,67.64433,67.651505,67.65875,67.66609,67.673515,67.68102,-0.0046070293,-0.004659146,-0.0047116876,-0.004764676,-0.00481873,-0.004873112,-0.0049282387,-0.0049840435,-0.0050402433,-0.0050971583,-0.005154982,-0.0052132756,-0.005272299,-0.005332224,-0.0053923205,-0.0054536536,-0.0055152476,-0.0055777803,-0.00564079,-0.00570482,-0.005769551,-0.005835131,-0.0059013516,-0.005968645,-0.006036505
384,2015-09-05 00:06:24,67.511314,80.0,-0.004505053,67.51695,67.52266,67.52843,67.53426,67.54017,67.546135,67.55217,67.55827,67.564445,67.570694,67.57701,67.5834,67.58986,67.5964,67.60301,67.6097,67.61647,67.623314,67.63024,67.637245,67.64433,67.651505,67.65875,67.66609,67.673515,-0.004555717,-0.0046070293,-0.004659146,-0.0047116876,-0.004764676,-0.00481873,-0.004873112,-0.0049282387,-0.0049840435,-0.0050402433,-0.0050971583,-0.005154982,-0.0052132756,-0.005272299,-0.005332224,-0.0053923205,-0.0054536536,-0.0055152476,-0.0055777803,-0.00564079,-0.00570482,-0.005769551,-0.005835131,-0.0059013516,-0.005968645
385,2015-09-05 00:06:25,67.50574,80.0,-0.00445503,67.511314,67.51695,67.52266,67.52843,67.53426,67.54017,67.546135,67.55217,67.55827,67.564445,67.570694,67.57701,67.5834,67.58986,67.5964,67.60301,67.6097,67.61647,67.623314,67.63024,67.637245,67.64433,67.651505,67.65875,67.66609,-0.004505053,-0.004555717,-0.0046070293,-0.004659146,-0.0047116876,-0.004764676,-0.00481873,-0.004873112,-0.0049282387,-0.0049840435,-0.0050402433,-0.0050971583,-0.005154982,-0.0052132756,-0.005272299,-0.005332224,-0.0053923205,-0.0054536536,-0.0055152476,-0.0055777803,-0.00564079,-0.00570482,-0.005769551,-0.005835131,-0.0059013516
386,2015-09-05 00:06:26,67.50022,80.0,-0.0044051856,67.50574,67.511314,67.51695,67.52266,67.52843,67.53426,67.54017,67.546135,67.55217,67.55827,67.564445,67.570694,67.57701,67.5834,67.58986,67.5964,67.60301,67.6097,67.61647,67.623314,67.63024,67.637245,67.64433,67.651505,67.65875,-0.00445503,-0.004505053,-0.004555717,-0.0046070293,-0.004659146,-0.0047116876,-0.004764676,-0.00481873,-0.004873112,-0.0049282387,-0.0049840435,-0.0050402433,-0.0050971583,-0.005154982,-0.0052132756,-0.005272299,-0.005332224,-0.0053923205,-0.0054536536,-0.0055152476,-0.0055777803,-0.00564079,-0.00570482,-0.005769551,-0.005835131
387,2015-09-05 00:06:27,67.49477,80.0,-0.004355982,67.50022,67.50574,67.511314,67.51695,67.52266,67.52843,67.53426,67.54017,67.546135,67.55217,67.55827,67.564445,67.570694,67.57701,67.5834,67.58986,67.5964,67.60301,67.6097,67.61647,67.623314,67.63024,67.637245,67.64433,67.651505,-0.0044051856,-0.00445503,-0.004505053,-0.004555717,-0.0046070293,-0.004659146,-0.0047116876,-0.004764676,-0.00481873,-0.004873112,-0.0049282387,-0.0049840435,-0.0050402433,-0.0050971583,-0.005154982,-0.0052132756,-0.005272299,-0.005332224,-0.0053923205,-0.0054536536,-0.0055152476,-0.0055777803,-0.00564079,-0.00570482,-0.005769551
388,2015-09-05 00:06:28,67.48937,80.0,-0.0043075383,67.49477,67.50022,67.50574,67.511314,67.51695,67.52266,67.52843,67.53426,67.54017,67.546135,67.55217,67.55827,67.564445,67.570694,67.57701,67.5834,67.58986,67.5964,67.60301,67.6097,67.61647,67.623314,67.63024,67.637245,67.64433,-0.004355982,-0.0044051856,-0.00445503,-0.004505053,-0.004555717,-0.0046070293,-0.004659146,-0.0047116876,-0.004764676,-0.00481873,-0.004873112,-0.0049282387,-0.0049840435,-0.0050402433,-0.0050971583,-0.005154982,-0.0052132756,-0.005272299,-0.005332224,-0.0053923205,-0.0054536536,-0.0055152476,-0.0055777803,-0.00564079,-0.00570482
389,2015-09-05 00:06:29,67.48404,80.0,-0.004259631,67.48937,67.49477,67.50022,67.50574,67.511314,67.51695,67.52266,67.52843,67.53426,67.54017,67.546135,67.55217,67.55827,67.564445,67.570694,67.57701,67.5834,67.58986,67.5964,67.60301,67.6097,67.61647,67.623314,67.63024,67.637245,-0.0043075383,-0.004355982,-0.0044051856,-0.00445503,-0.004505053,-0.004555717,-0.0046070293,-0.004659146,-0.0047116876,-0.004764676,-0.00481873,-0.004873112,-0.0049282387,-0.0049840435,-0.0050402433,-0.0050971583,-0.005154982,-0.0052132756,-0.005272299,-0.005332224,-0.0053923205,-0.0054536536,-0.0055152476,-0.0055777803,-0.00564079
390,2015-09-05 00:06:30,67.47877,80.0,-0.004212342,67.48404,67.48937,67.49477,67.50022,67.50574,67.511314,67.51695,67.52266,67.52843,67.53426,67.54017,67.546135,67.55217,67.55827,67.564445,67.570694,67.57701,67.5834,67.58986,67.5964,67.60301,67.6097,67.61647,67.623314,67.63024,-0.004259631,-0.0043075383,-0.004355982,-0.0044051856,-0.00445503,-0.004505053,-0.004555717,-0.0046070293,-0.004659146,-0.0047116876,-0.004764676,-0.00481873,-0.004873112,-0.0049282387,-0.0049840435,-0.0050402433,-0.0050971583,-0.005154982,-0.0052132756,-0.005272299,-0.005332224,-0.0053923205,-0.0054536536,-0.0055152476,-0.0055777803
391,2015-09-05 00:06:31,67.47356,80.0,-0.004165627,67.47877,67.48404,67.48937,67.49477,67.50022,67.50574,67.511314,67.51695,67.52266,67.52843,67.53426,67.54017,67.546135,67.55217,67.55827,67.564445,67.570694,67.57701,67.5834,67.58986,67.5964,67.60301,67.6097,67.61647,67.623314,-0.004212342,-0.004259631,-0.0043075383,-0.004355982,-0.0044051856,-0.00445503,-0.004505053,-0.004555717,-0.0046070293,-0.004659146,-0.0047116876,-0.004764676,-0.00481873,-0.004873112,-0.0049282387,-0.0049840435,-0.0050402433,-0.0050971583,-0.005154982,-0.0052132756,-0.005272299,-0.005332224,-0.0053923205,-0.0054536536,-0.0055152476
392,2015-09-05 00:06:32,67.4684,80.0,-0.004119031,67.47356,67.47877,67.48404,67.48937,67.49477,67.50022,67.50574,67.511314,67.51695,67.52266,67.52843,67.53426,67.54017,67.546135,67.55217,67.55827,67.564445,67.570694,67.57701,67.5834,67.58986,67.5964,67.60301,67.6097,67.61647,-0.004165627,-0.004212342,-0.004259631,-0.0043075383,-0.004355982,-0.0044051856,-0.00445503,-0.004505053,-0.004555717,-0.0046070293,-0.004659146,-0.0047116876,-0.004764676,-0.00481873,-0.004873112,-0.0049282387,-0.0049840435,-0.0050402433,-0.0050971583,-0.005154982,-0.0052132756,-0.005272299,-0.005332224,-0.0053923205,-0.0054536536
393,2015-09-05 00:06:33,67.4633,80.0,-0.004073426,67.4684,67.47356,67.47877,67.48404,67.48937,67.49477,67.50022,67.50574,67.511314,67.51695,67.52266,67.52843,67.53426,67.54017,67.546135,67.55217,67.55827,67.564445,67.570694,67.57701,67.5834,67.58986,67.5964,67.60301,67.6097,-0.004119031,-0.004165627,-0.004212342,-0.004259631,-0.0043075383,-0.004355982,-0.0044051856,-0.00445503,-0.004505053,-0.004555717,-0.0046070293,-0.004659146,-0.0047116876,-0.004764676,-0.00481873,-0.004873112,-0.0049282387,-0.0049840435,-0.0050402433,-0.0050971583,-0.005154982,-0.0052132756,-0.005272299,-0.005332224,-0.0053923205
394,2015-09-05 00:06:34,67.45826,80.0,-0.004027948,67.4633,67.4684,67.47356,67.47877,67.48404,67.48937,67.49477,67.50022,67.50574,67.511314,67.51695,67.52266,67.52843,67.53426,67.54017,67.546135,67.55217,67.55827,67.564445,67.570694,67.57701,67.5834,67.58986,67.5964,67.60301,-0.004073426,-0.004119031,-0.004165627,-0.004212342,-0.004259631,-0.0043075383,-0.004355982,-0.0044051856,-0.00445503,-0.004505053,-0.004555717,-0.0046070293,-0.004659146,-0.0047116876,-0.004764676,-0.00481873,-0.004873112,-0.0049282387,-0.0049840435,-0.0050402433,-0.0050971583,-0.005154982,-0.0052132756,-0.005272299,-0.005332224
395,2015-09-05 00:06:35,67.45328,80.0,-0.0039831176,67.45826,67.4633,67.4684,67.47356,67.47877,67.48404,67.48937,67.49477,67.50022,67.50574,67.511314,67.51695,67.52266,67.52843,67.53426,67.54017,67.546135,67.55217,67.55827,67.564445,67.570694,67.57701,67.5834,67.58986,67.5964,-0.004027948,-0.004073426,-0.004119031,-0.004165627,-0.004212342,-0.004259631,-0.0043075383,-0.004355982,-0.0044051856,-0.00445503,-0.004505053,-0.004555717,-0.0046070293,-0.004659146,-0.0047116876,-0.004764676,-0.00481873,-0.004873112,-0.0049282387,-0.0049840435,-0.0050402433,-0.0050971583,-0.005154982,-0.0052132756,-0.005272299
396,2015-09-05 00:06:36,67.44835,80.0,-0.003938794,67.45328,67.45826,67.4633,67.4684,67.47356,67.47877,67.48404,67.48937,67.49477,67.50022,67.50574,67.511314,67.51695,67.52266,67.52843,67.53426,67.54017,67.546135,67.55217,67.55827,67.564445,67.570694,67.57701,67.5834,67.58986,-0.0039831176,-0.004027948,-0.004073426,-0.004119031,-0.004165627,-0.004212342,-0.004259631,-0.0043075383,-0.004355982,-0.0044051856,-0.00445503,-0.004505053,-0.004555717,-0.0046070293,-0.004659146,-0.0047116876,-0.004764676,-0.00481873,-0.004873112,-0.0049282387,-0.0049840435,-0.0050402433,-0.0050971583,-0.005154982,-0.0052132756
397,2015-09-05 00:06:37,67.443474,80.0,-0.0038949475,67.44835,67.45328,67.45826,67.4633,67.4684,67.47356,67.47877,67.48404,67.48937,67.49477,67.50022,67.50574,67.511314,67.51695,67.52266,67.52843,67.53426,67.54017,67.546135,67.55217,67.55827,67.564445,67.570694,67.57701,67.5834,-0.003938794,-0.0039831176,-0.004027948,-0.004073426,-0.004119031,-0.004165627,-0.004212342,-0.004259631,-0.0043075383,-0.004355982,-0.0044051856,-0.00445503,-0.004505053,-0.004555717,-0.0046070293,-0.004659146,-0.0047116876,-0.004764676,-0.00481873,-0.004873112,-0.0049282387,-0.0049840435,-0.0050402433,-0.0050971583,-0.005154982
398,2015-09-05 00:06:38,67.43865,50.0,-0.12797984,67.443474,67.44835,67.45328,67.45826,67.4633,67.4684,67.47356,67.47877,67.48404,67.48937,67.49477,67.50022,67.50574,67.511314,67.51695,67.52266,67.52843,67.53426,67.54017,67.546135,67.55217,67.55827,67.564445,67.570694,67.57701,-0.0038949475,-0.003938794,-0.0039831176,-0.004027948,-0.004073426,-0.004119031,-0.004165627,-0.004212342,-0.004259631,-0.0043075383,-0.004355982,-0.0044051856,-0.00445503,-0.004505053,-0.004555717,-0.0046070293,-0.004659146,-0.0047116876,-0.004764676,-0.00481873,-0.004873112,-0.0049282387,-0.0049840435,-0.0050402433,-0.0050971583
399,2015-09-05 00:06:39,67.43388,50.0,-0.12797984,67.43865,67.443474,67.44835,67.45328,67.45826,67.4633,67.4684,67.47356,67.47877,67.48404,67.48937,67.49477,67.50022,67.50574,67.511314,67.51695,67.52266,67.52843,67.53426,67.54017,67.546135,67.55217,67.55827,67.564445,67.570694,-0.12797984,-0.0038949475,-0.003938794,-0.0039831176,-0.004027948,-0.004073426,-0.004119031,-0.004165627,-0.004212342,-0.004259631,-0.0043075383,-0.004355982,-0.0044051856,-0.00445503,-0.004505053,-0.004555717,-0.0046070293,-0.004659146,-0.0047116876,-0.004764676,-0.00481873,-0.004873112,-0.0049282387,-0.0049840435,-0.0050402433
400,2015-09-05 00:06:40,67.42917,50.0,-0.12797984,67.43388,67.43865,67.443474,67.44835,67.45328,67.45826,67.4633,67.4684,67.47356,67.47877,67.48404,67.48937,67.49477,67.50022,67.50574,67.511314,67.51695,67.52266,67.52843,67.53426,67.54017,67.546135,67.55217,67.55827,67.564445,-0.12797984,-0.12797984,-0.0038949475,-0.003938794,-0.0039831176,-0.004027948,-0.004073426,-0.004119031,-0.004165627,-0.004212342,-0.004259631,-0.0043075383,-0.004355982,-0.0044051856,-0.00445503,-0.004505053,-0.004555717,-0.0046070293,-0.004659146,-0.0047116876,-0.004764676,-0.00481873,-0.004873112,-0.0049282387,-0.0049840435
401,2015-09-05 00:06:41,67.42451,50.0,-0.12797984,67.42917,67.43388,67.43865,67.443474,67.44835,67.45328,67.45826,67.4633,67.4684,67.47356,67.47877,67.48404,67.48937,67.49477,67.50022,67.50574,67.511314,67.51695,67.52266,67.52843,67.53426,67.54017,67.546135,67.55217,67.55827,-0.12797984,-0.12797984,-0.12797984,-0.0038949475,-0.003938794,-0.0039831176,-0.004027948,-0.004073426,-0.004119031,-0.004165627,-0.004212342,-0.004259631,-0.0043075383,-0.004355982,-0.0044051856,-0.00445503,-0.004505053,-0.004555717,-0.0046070293,-0.004659146,-0.0047116876,-0.004764676,-0.00481873,-0.004873112,-0.0049282387
402,2015-09-05 00:06:42,67.4199,50.0,-0.12797984,67.42451,67.42917,67.43388,67.43865,67.443474,67.44835,67.45328,67.45826,67.4633,67.4684,67.47356,67.47877,67.48404,67.48937,67.49477,67.50022,67.50574,67.511314,67.51695,67.52266,67.52843,67.53426,67.54017,67.546135,67.55217,-0.12797984,-0.12797984,-0.12797984,-0.12797984,-0.0038949475,-0.003938794,-0.0039831176,-0.004027948,-0.004073426,-0.004119031,-0.004165627,-0.004212342,-0.004259631,-0.0043075383,-0.004355982,-0.0044051856,-0.00445503,-0.004505053,-0.004555717,-0.0046070293,-0.004659146,-0.0047116876,-0.004764676,-0.00481873,-0.004873112
403,2015-09-05 00:06:43,67.415344,50.0,-0.12797984,67.4199,67.42451,67.42917,67.43388,67.43865,67.443474,67.44835,67.45328,67.45826,67.4633,67.4684,67.47356,67.47877,67.48404,67.48937,67.49477,67.50022,67.50574,67.511314,67.51695,67.52266,67.52843,67.53426,67.54017,67.546135,-0.12797984,-0.12797984,-0.12797984,-0.12797984,-0.12797984,-0.0038949475,-0.003938794,-0.0039831176,-0.004027948,-0.004073426,-0.004119031,-0.004165627,-0.004212342,-0.004259631,-0.0043075383,-0.004355982,-0.0044051856,-0.00445503,-0.004505053,-0.004555717,-0.0046070293,-0.004659146,-0.0047116876,-0.004764676,-0.00481873
404,2015-09-05 00:06:44,67.41084,50.0,-0.12797984,67.415344,67.4199,67.42451,67.42917,67.43388,67.43865,67.443474,67.44835,67.45328,67.45826,67.4633,67.4684,67.47356,67.47877,67.48404,67.48937,67.49477,67.50022,67.50574,67.511314,67.51695,67.52266,67.52843,67.53426,67.54017,-0.12797984,-0.12797984,-0.12797984,-0.12797984,-0.12797984,-0.12797984,-0.0038949475,-0.003938794,-0.0039831176,-0.004027948,-0.004073426,-0.004119031,-0.004165627,-0.004212342,-0.004259631,-0.0043075383,-0.004355982,-0.0044051856,-0.00445503,-0.004505053,-0.004555717,-0.0046070293,-0.004659146,-0.0047116876,-0.004764676
405,2015-09-05 00:06:45,67.40639,50.0,-0.12797984,67.41084,67.415344,67.4199,67.42451,67.42917,67.43388,67.43865,67.443474,67.44835,67.45328,67.45826,67.4633,67.4684,67.47356,67.47877,67.48404,67.48937,67.49477,67.50022,67.50574,67.511314,67.51695,67.52266,67.52843,67.53426,-0.12797984,-0.12797984,-0.12797984,-0.12797984,-0.12797984,-0.12797984,-0.12797984,-0.0038949475,-0.003938794,-0.0039831176,-0.004027948,-0.004073426,-0.004119031,-0.004165627,-0.004212342,-0.004259631,-0.0043075383,-0.004355982,-0.0044051856,-0.00445503,-0.004505053,-0.004555717,-0.0046070293,-0.004659146,-0.0047116876
406,2015-09-05 00:06:46,67.401985,50.0,-0.12797984,67.40639,67.41084,67.415344,67.4199,67.42451,67.42917,67.43388,67.43865,67.443474,67.44835,67.45328,67.45826,67.4633,67.4684,67.47356,67.47877,67.48404,67.48937,67.49477,67.50022,67.50574,67.511314,67.51695,67.52266,67.52843,-0.12797984,-0.12797984,-0.12797984,-0.12797984,-0.12797984,-0.12797984,-0.12797984,-0.12797984,-0.0038949475,-0.003938794,-0.0039831176,-0.004027948,-0.004073426,-0.004119031,-0.004165627,-0.004212342,-0.004259631,-0.0043075383,-0.004355982,-0.0044051856,-0.00445503,-0.004505053,-0.004555717,-0.0046070293,-0.004659146
407,2015-09-05 00:06:47,67.39763,50.0,-0.12797984,67.401985,67.40639,67.41084,67.415344,67.4199,67.42451,67.42917,67.43388,67.43865,67.443474,67.44835,67.45328,67.45826,67.4633,67.4684,67.47356,67.47877,67.48404,67.48937,67.49477,67.50022,67.50574,67.511314,67.51695,67.52266,-0.12797984,-0.12797984,-0.12797984,-0.12797984,-0.12797984,-0.12797984,-0.12797984,-0.12797984,-0.12797984,-0.0038949475,-0.003938794,-0.0039831176,-0.004027948,-0.004073426,-0.004119031,-0.004165627,-0.004212342,-0.004259631,-0.0043075383,-0.004355982,-0.0044051856,-0.00445503,-0.004505053,-0.004555717,-0.0046070293
408,2015-09-05 00:06:48,67.39332,50.0,-0.12797984,67.39763,67.401985,67.40639,67.41084,67.415344,67.4199,67.42451,67.42917,67.43388,67.43865,67.443474,67.44835,67.45328,67.45826,67.4633,67.4684,67.47356,67.47877,67.48404,67.48937,67.49477,67.50022,67.50574,67.511314,67.51695,-0.12797984,-0.12797984,-0.12797984,-0.12797984,-0.12797984,-0.12797984,-0.12797984,-0.12797984,-0.12797984,-0.12797984,-0.0038949475,-0.003938794,-0.0039831176,-0.004027948,-0.004073426,-0.004119031,-0.004165627,-0.004212342,-0.004259631,-0.0043075383,-0.004355982,-0.0044051856,-0.00445503,-0.004505053,-0.004555717
409,2015-09-05 00:06:49,67.38906,50.0,-0.12797984,67.39332,67.39763,67.401985,67.40639,67.41084,67.415344,67.4199,67.42451,67.42917,67.43388,67.43865,67.443474,67.44835,67.45328,67.45826,67.4633,67.4684,67.47356,67.47877,67.48404,67.48937,67.49477,67.50022,67.50574,67.511314,-0.12797984,-0.12797984,-0.12797984,-0.12797984,-0.12797984,-0.12797984,-0.12797984,-0.12797984,-0.12797984,-0.12797984,-0.12797984,-0.0038949475,-0.003938794,-0.0039831176,-0.004027948,-0.004073426,-0.004119031,-0.004165627,-0.004212342,-0.004259631,-0.0043075383,-0.004355982,-0.0044051856,-0.00445503,-0.004505053
410,2015-09-05 00:06:50,67.38485,50.0,-0.12797984,67.38906,67.39332,67.39763,67.401985,67.40639,67.41084,67.415344,67.4199,67.42451,67.42917,67.43388,67.43865,67.443474,67.44835,67.45328,67.45826,67.4633,67.4684,67.47356,67.47877,67.48404,67.48937,67.49477,67.50022,67.50574,-0.12797984,-0.12797984,-0.12797984,-0.12797984,-0.12797984,-0.12797984,-0.12797984,-0.12797984,-0.12797984,-0.12797984,-0.12797984,-0.12797984,-0.0038949475,-0.003938794,-0.0039831176,-0.004027948,-0.004073426,-0.004119031,-0.004165627,-0.004212342,-0.004259631,-0.0043075383,-0.004355982,-0.0044051856,-0.00445503
411,2015-09-05 00:06:51,67.380684,50.0,-0.12797984,67.38485,67.38906,67.39332,67.39763,67.401985,67.40639,67.41084,67.415344,67.4199,67.42451,67.42917,67.43388,67.43865,67.443474,67.44835,67.45328,67.45826,67.4633,67.4684,67.47356,67.47877,67.48404,67.48937,67.49477,67.50022,-0.12797984,-0.12797984,-0.12797984,-0.12797984,-0.12797984,-0.12797984,-0.12797984,-0.12797984,-0.12797984,-0.12797984,-0.12797984,-0.12797984,-0.12797984,-0.0038949475,-0.003938794,-0.0039831176,-0.004027948,-0.004073426,-0.004119031,-0.004165627,-0.004212342,-0.004259631,-0.0043075383,-0.004355982,-0.0044051856
412,2015-09-05 00:06:52,67.376564,50.0,-0.12797984,67.380684,67.38485,67.38906,67.39332,67.39763,67.401985,67.40639,67.41084,67.415344,67.4199,67.42451,67.42917,67.43388,67.43865,67.443474,67.44835,67.45328,67.45826,67.4633,67.4684,67.47356,67.47877,67.48404,67.48937,67.49477,-0.12797984,-0.12797984,-0.12797984,-0.12797984,-0.12797984,-0.12797984,-0.12797984,-0.12797984,-0.12797984,-0.12797984,-0.12797984,-0.12797984,-0.12797984,-0.12797984,-0.0038949475,-0.003938794,-0.0039831176,-0.004027948,-0.004073426,-0.004119031,-0.004165627,-0.004212342,-0.004259631,-0.0043075383,-0.004355982
413,2015-09-05 00:06:53,67.37249,50.0,-0.12797984,67.376564,67.380684,67.38485,67.38906,67.39332,67.39763,67.401985,67.40639,67.41084,67.415344,67.4199,67.42451,67.42917,67.43388,67.43865,67.443474,67.44835,67.45328,67.45826,67.4633,67.4684,67.47356,67.47877,67.48404,67.48937,-0.12797984,-0.12797984,-0.12797984,-0.12797984,-0.12797984,-0.12797984,-0.12797984,-0.12797984,-0.12797984,-0.12797984,-0.12797984,-0.12797984,-0.12797984,-0.12797984,-0.12797984,-0.0038949475,-0.003938794,-0.0039831176,-0.004027948,-0.004073426,-0.004119031,-0.004165627,-0.004212342,-0.004259631,-0.0043075383
414,2015-09-05 00:06:54,67.36846,50.0,-0.12797984,67.37249,67.376564,67.380684,67.38485,67.38906,67.39332,67.39763,67.401985,67.40639,67.41084,67.415344,67.4199,67.42451,67.42917,67.43388,67.43865,67.443474,67.44835,67.45328,67.45826,67.4633,67.4684,67.47356,67.47877,67.48404,-0.12797984,-0.12797984,-0.12797984,-0.12797984,-0.12797984,-0.12797984,-0.12797984,-0.12797984,-0.12797984,-0.12797984,-0.12797984,-0.12797984,-0.12797984,-0.12797984,-0.12797984,-0.12797984,-0.0038949475,-0.003938794,-0.0039831176,-0.004027948,-0.004073426,-0.004119031,-0.004165627,-0.004212342,-0.004259631
415,2015-09-05 00:06:55,67.36448,50.0,-0.12797984,67.36846,67.37249,67.376564,67.380684,67.38485,67.38906,67.39332,67.39763,67.401985,67.40639,67.41084,67.415344,67.4199,67.42451,67.42917,67.43388,67.43865,67.443474,67.44835,67.45328,67.45826,67.4633,67.4684,67.47356,67.47877,-0.12797984,-0.12797984,-0.12797984,-0.12797984,-0.12797984,-0.12797984,-0.12797984,-0.12797984,-0.12797984,-0.12797984,-0.12797984,-0.12797984,-0.12797984,-0.12797984,-0.12797984,-0.12797984,-0.12797984,-0.0038949475,-0.003938794,-0.0039831176,-0.004027948,-0.004073426,-0.004119031,-0.004165627,-0.004212342
416,2015-09-05 00:06:56,67.36054,50.0,-0.12797984,67.36448,67.36846,67.37249,67.376564,67.380684,67.38485,67.38906,67.39332,67.39763,67.401985,67.40639,67.41084,67.415344,67.4199,67.42451,67.42917,67.43388,67.43865,67.443474,67.44835,67.45328,67.45826,67.4633,67.4684,67.47356,-0.12797984,-0.12797984,-0.12797984,-0.12797984,-0.12797984,-0.12797984,-0.12797984,-0.12797984,-0.12797984,-0.12797984,-0.12797984,-0.12797984,-0.12797984,-0.12797984,-0.12797984,-0.12797984,-0.12797984,-0.12797984,-0.0038949475,-0.003938794,-0.0039831176,-0.004027948,-0.004073426,-0.004119031,-0.004165627
417,2015-09-05 00:06:57,67.35664,50.0,-0.12797984,67.36054,67.36448,67.36846,67.37249,67.376564,67.380684,67.38485,67.38906,67.39332,67.39763,67.401985,67.40639,67.41084,67.415344,67.4199,67.42451,67.42917,67.43388,67.43865,67.443474,67.44835,67.45328,67.45826,67.4633,67.4684,-0.12797984,-0.12797984,-0.12797984,-0.12797984,-0.12797984,-0.12797984,-0.12797984,-0.12797984,-0.12797984,-0.12797984,-0.12797984,-0.12797984,-0.12797984,-0.12797984,-0.12797984,-0.12797984,-0.12797984,-0.12797984,-0.12797984,-0.0038949475,-0.003938794,-0.0039831176,-0.004027948,-0.004073426,-0.004119031
418,2015-09-05 00:06:58,67.22866,50.0,-0.12797984,67.35664,67.36054,67.36448,67.36846,67.37249,67.376564,67.380684,67.38485,67.38906,67.39332,67.39763,67.401985,67.40639,67.41084,67.415344,67.4199,67.42451,67.42917,67.43388,67.43865,67.443474,67.44835,67.45328,67.45826,67.4633,-0.12797984,-0.12797984,-0.12797984,-0.12797984,-0.12797984,-0.12797984,-0.12797984,-0.12797984,-0.12797984,-0.12797984,-0.12797984,-0.12797984,-0.12797984,-0.12797984,-0.12797984,-0.12797984,-0.12797984,-0.12797984,-0.12797984,-0.12797984,-0.0038949475,-0.003938794,-0.0039831176,-0.004027948,-0.004073426
419,2015-09-05 00:06:59,67.10068,50.0,-0.12797984,67.22866,67.35664,67.36054,67.36448,67.36846,67.37249,67.376564,67.380684,67.38485,67.38906,67.39332,67.39763,67.401985,67.40639,67.41084,67.415344,67.4199,67.42451,67.42917,67.43388,67.43865,67.443474,67.44835,67.45328,67.45826,-0.12797984,-0.12797984,-0.12797984,-0.12797984,-0.12797984,-0.12797984,-0.12797984,-0.12797984,-0.12797984,-0.12797984,-0.12797984,-0.12797984,-0.12797984,-0.12797984,-0.12797984,-0.12797984,-0.12797984,-0.12797984,-0.12797984,-0.12797984,-0.12797984,-0.0038949475,-0.003938794,-0.0039831176,-0.004027948
420,2015-09-05 00:07:00,66.972694,50.0,-0.12797984,67.10068,67.22866,67.35664,67.36054,67.36448,67.36846,67.37249,67.376564,67.380684,67.38485,67.38906,67.39332,67.39763,67.401985,67.40639,67.41084,67.415344,67.4199,67.42451,67.42917,67.43388,67.43865,67.443474,67.44835,67.45328,-0.12797984,-0.12797984,-0.12797984,-0.12797984,-0.12797984,-0.12797984,-0.12797984,-0.12797984,-0.12797984,-0.12797984,-0.12797984,-0.12797984,-0.12797984,-0.12797984,-0.12797984,-0.12797984,-0.12797984,-0.12797984,-0.12797984,-0.12797984,-0.12797984,-0.12797984,-0.0038949475,-0.003938794,-0.0039831176
421,2015-09-05 00:07:01,66.84471,50.0,-0.12797984,66.972694,67.10068,67.22866,67.35664,67.36054,67.36448,67.36846,67.37249,67.376564,67.380684,67.38485,67.38906,67.39332,67.39763,67.401985,67.40639,67.41084,67.415344,67.4199,67.42451,67.42917,67.43388,67.43865,67.443474,67.44835,-0.12797984,-0.12797984,-0.12797984,-0.12797984,-0.12797984,-0.12797984,-0.12797984,-0.12797984,-0.12797984,-0.12797984,-0.12797984,-0.12797984,-0.12797984,-0.12797984,-0.12797984,-0.12797984,-0.12797984,-0.12797984,-0.12797984,-0.12797984,-0.12797984,-0.12797984,-0.12797984,-0.0038949475,-0.003938794
422,2015-09-05 00:07:02,66.71673,50.0,-0.12797984,66.84471,66.972694,67.10068,67.22866,67.35664,67.36054,67.36448,67.36846,67.37249,67.376564,67.380684,67.38485,67.38906,67.39332,67.39763,67.401985,67.40639,67.41084,67.415344,67.4199,67.42451,67.42917,67.43388,67.43865,67.443474,-0.12797984,-0.12797984,-0.12797984,-0.12797984,-0.12797984,-0.12797984,-0.12797984,-0.12797984,-0.12797984,-0.12797984,-0.12797984,-0.12797984,-0.12797984,-0.12797984,-0.12797984,-0.12797984,-0.12797984,-0.12797984,-0.12797984,-0.12797984,-0.12797984,-0.12797984,-0.12797984,-0.12797984,-0.0038949475
423,2015-09-05 00:07:03,66.588745,50.0,-0.12797984,66.71673,66.84471,66.972694,67.10068,67.22866,67.35664,67.36054,67.36448,67.36846,67.37249,67.376564,67.380684,67.38485,67.38906,67.39332,67.39763,67.401985,67.40639,67.41084,67.415344,67.4199,67.42451,67.42917,67.43388,67.43865,-0.12797984,-0.12797984,-0.12797984,-0.12797984,-0.12797984,-0.12797984,-0.12797984,-0.12797984,-0.12797984,-0.12797984,-0.12797984,-0.12797984,-0.12797984,-0.12797984,-0.12797984,-0.12797984,-0.12797984,-0.12797984,-0.12797984,-0.12797984,-0.12797984,-0.12797984,-0.12797984,-0.12797984,-0.12797984
424,2015-09-05 00:07:04,66.46076,50.0,-0.12797984,66.588745,66.71673,66.84471,66.972694,67.10068,67.22866,67.35664,67.36054,67.36448,67.36846,67.37249,67.376564,67.380684,67.38485,67.38906,67.39332,67.39763,67.401985,67.40639,67.41084,67.415344,67.4199,67.42451,67.42917,67.43388,-0.12797984,-0.12797984,-0.12797984,-0.12797984,-0.12797984,-0.12797984,-0.12797984,-0.12797984,-0.12797984,-0.12797984,-0.12797984,-0.12797984,-0.12797984,-0.12797984,-0.12797984,-0.12797984,-0.12797984,-0.12797984,-0.12797984,-0.12797984,-0.12797984,-0.12797984,-0.12797984,-0.12797984,-0.12797984
425,2015-09-05 00:07:05,66.33278,50.0,-0.12797984,66.46076,66.588745,66.71673,66.84471,66.972694,67.10068,67.22866,67.35664,67.36054,67.36448,67.36846,67.37249,67.376564,67.380684,67.38485,67.38906,67.39332,67.39763,67.401985,67.40639,67.41084,67.415344,67.4199,67.42451,67.42917,-0.12797984,-0.12797984,-0.12797984,-0.12797984,-0.12797984,-0.12797984,-0.12797984,-0.12797984,-0.12797984,-0.12797984,-0.12797984,-0.12797984,-0.12797984,-0.12797984,-0.12797984,-0.12797984,-0.12797984,-0.12797984,-0.12797984,-0.12797984,-0.12797984,-0.12797984,-0.12797984,-0.12797984,-0.12797984
426,2015-09-05 00:07:06,66.204796,50.0,-0.12797984,66.33278,66.46076,66.588745,66.71673,66.84471,66.972694,67.10068,67.22866,67.35664,67.36054,67.36448,67.36846,67.37249,67.376564,67.380684,67.38485,67.38906,67.39332,67.39763,67.401985,67.40639,67.41084,67.415344,67.4199,67.42451,-0.12797984,-0.12797984,-0.12797984,-0.12797984,-0.12797984,-0.12797984,-0.12797984,-0.12797984,-0.12797984,-0.12797984,-0.12797984,-0.12797984,-0.12797984,-0.12797984,-0.12797984,-0.12797984,-0.12797984,-0.12797984,-0.12797984,-0.12797984,-0.12797984,-0.12797984,-0.12797984,-0.12797984,-0.12797984
427,2015-09-05 00:07:07,66.07681,50.0,-0.12797984,66.204796,66.33278,66.46076,66.588745,66.71673,66.84471,66.972694,67.10068,67.22866,67.35664,67.36054,67.36448,67.36846,67.37249,67.376564,67.380684,67.38485,67.38906,67.39332,67.39763,67.401985,67.40639,67.41084,67.415344,67.4199,-0.12797984,-0.12797984,-0.12797984,-0.12797984,-0.12797984,-0.12797984,-0.12797984,-0.12797984,-0.12797984,-0.12797984,-0.12797984,-0.12797984,-0.12797984,-0.12797984,-0.12797984,-0.12797984,-0.12797984,-0.12797984,-0.12797984,-0.12797984,-0.12797984,-0.12797984,-0.12797984,-0.12797984,-0.12797984
428,2015-09-05 00:07:08,65.94883,50.0,-0.12797984,66.07681,66.204796,66.33278,66.46076,66.588745,66.71673,66.84471,66.972694,67.10068,67.22866,67.35664,67.36054,67.36448,67.36846,67.37249,67.376564,67.380684,67.38485,67.38906,67.39332,67.39763,67.401985,67.40639,67.41084,67.415344,-0.12797984,-0.12797984,-0.12797984,-0.12797984,-0.12797984,-0.12797984,-0.12797984,-0.12797984,-0.12797984,-0.12797984,-0.12797984,-0.12797984,-0.12797984,-0.12797984,-0.12797984,-0.12797984,-0.12797984,-0.12797984,-0.12797984,-0.12797984,-0.12797984,-0.12797984,-0.12797984,-0.12797984,-0.12797984
429,2015-09-05 00:07:09,65.82085,50.0,-0.12797984,65.94883,66.07681,66.204796,66.33278,66.46076,66.588745,66.71673,66.84471,66.972694,67.10068,67.22866,67.35664,67.36054,67.36448,67.36846,67.37249,67.376564,67.380684,67.38485,67.38906,67.39332,67.39763,67.401985,67.40639,67.41084,-0.12797984,-0.12797984,-0.12797984,-0.12797984,-0.12797984,-0.12797984,-0.12797984,-0.12797984,-0.12797984,-0.12797984,-0.12797984,-0.12797984,-0.12797984,-0.12797984,-0.12797984,-0.12797984,-0.12797984,-0.12797984,-0.12797984,-0.12797984,-0.12797984,-0.12797984,-0.12797984,-0.12797984,-0.12797984
430,2015-09-05 00:07:10,65.69286,50.0,-0.12797984,65.82085,65.94883,66.07681,66.204796,66.33278,66.46076,66.588745,66.71673,66.84471,66.972694,67.10068,67.22866,67.35664,67.36054,67.36448,67.36846,67.37249,67.376564,67.380684,67.38485,67.38906,67.39332,67.39763,67.401985,67.40639,-0.12797984,-0.12797984,-0.12797984,-0.12797984,-0.12797984,-0.12797984,-0.12797984,-0.12797984,-0.12797984,-0.12797984,-0.12797984,-0.12797984,-0.12797984,-0.12797984,-0.12797984,-0.12797984,-0.12797984,-0.12797984,-0.12797984,-0.12797984,-0.12797984,-0.12797984,-0.12797984,-0.12797984,-0.12797984
431,2015-09-05 00:07:11,65.56488,50.0,-0.12797984,65.69286,65.82085,65.94883,66.07681,66.204796,66.33278,66.46076,66.588745,66.71673,66.84471,66.972694,67.10068,67.22866,67.35664,67.36054,67.36448,67.36846,67.37249,67.376564,67.380684,67.38485,67.38906,67.39332,67.39763,67.401985,-0.12797984,-0.12797984,-0.12797984,-0.12797984,-0.12797984,-0.12797984,-0.12797984,-0.12797984,-0.12797984,-0.12797984,-0.12797984,-0.12797984,-0.12797984,-0.12797984,-0.12797984,-0.12797984,-0.12797984,-0.12797984,-0.12797984,-0.12797984,-0.12797984,-0.12797984,-0.12797984,-0.12797984,-0.12797984
432,2015-09-05 00:07:12,65.4369,50.0,-0.12797984,65.56488,65.69286,65.82085,65.94883,66.07681,66.204796,66.33278,66.46076,66.588745,66.71673,66.84471,66.972694,67.10068,67.22866,67.35664,67.36054,67.36448,67.36846,67.37249,67.376564,67.380684,67.38485,67.38906,67.39332,67.39763,-0.12797984,-0.12797984,-0.12797984,-0.12797984,-0.12797984,-0.12797984,-0.12797984,-0.12797984,-0.12797984,-0.12797984,-0.12797984,-0.12797984,-0.12797984,-0.12797984,-0.12797984,-0.12797984,-0.12797984,-0.12797984,-0.12797984,-0.12797984,-0.12797984,-0.12797984,-0.12797984,-0.12797984,-0.12797984
433,2015-09-05 00:07:13,65.308914,50.0,-0.12797984,65.4369,65.56488,65.69286,65.82085,65.94883,66.07681,66.204796,66.33278,66.46076,66.588745,66.71673,66.84471,66.972694,67.10068,67.22866,67.35664,67.36054,67.36448,67.36846,67.37249,67.376564,67.380684,67.38485,67.38906,67.39332,-0.12797984,-0.12797984,-0.12797984,-0.12797984,-0.12797984,-0.12797984,-0.12797984,-0.12797984,-0.12797984,-0.12797984,-0.12797984,-0.12797984,-0.12797984,-0.12797984,-0.12797984,-0.12797984,-0.12797984,-0.12797984,-0.12797984,-0.12797984,-0.12797984,-0.12797984,-0.12797984,-0.12797984,-0.12797984
434,2015-09-05 00:07:14,65.18093,50.0,-0.12797984,65.308914,65.4369,65.56488,65.69286,65.82085,65.94883,66.07681,66.204796,66.33278,66.46076,66.588745,66.71673,66.84471,66.972694,67.10068,67.22866,67.35664,67.36054,67.36448,67.36846,67.37249,67.376564,67.380684,67.38485,67.38906,-0.12797984,-0.12797984,-0.12797984,-0.12797984,-0.12797984,-0.12797984,-0.12797984,-0.12797984,-0.12797984,-0.12797984,-0.12797984,-0.12797984,-0.12797984,-0.12797984,-0.12797984,-0.12797984,-0.12797984,-0.12797984,-0.12797984,-0.12797984,-0.12797984,-0.12797984,-0.12797984,-0.12797984,-0.12797984
435,2015-09-05 00:07:15,65.05295,50.0,-0.12797984,65.18093,65.308914,65.4369,65.56488,65.69286,65.82085,65.94883,66.07681,66.204796,66.33278,66.46076,66.588745,66.71673,66.84471,66.972694,67.10068,67.22866,67.35664,67.36054,67.36448,67.36846,67.37249,67.376564,67.380684,67.38485,-0.12797984,-0.12797984,-0.12797984,-0.12797984,-0.12797984,-0.12797984,-0.12797984,-0.12797984,-0.12797984,-0.12797984,-0.12797984,-0.12797984,-0.12797984,-0.12797984,-0.12797984,-0.12797984,-0.12797984,-0.12797984,-0.12797984,-0.12797984,-0.12797984,-0.12797984,-0.12797984,-0.12797984,-0.12797984
436,2015-09-05 00:07:16,64.924965,50.0,-0.12797984,65.05295,65.18093,65.308914,65.4369,65.56488,65.69286,65.82085,65.94883,66.07681,66.204796,66.33278,66.46076,66.588745,66.71673,66.84471,66.972694,67.10068,67.22866,67.35664,67.36054,67.36448,67.36846,67.37249,67.376564,67.380684,-0.12797984,-0.12797984,-0.12797984,-0.12797984,-0.12797984,-0.12797984,-0.12797984,-0.12797984,-0.12797984,-0.12797984,-0.12797984,-0.12797984,-0.12797984,-0.12797984,-0.12797984,-0.12797984,-0.12797984,-0.12797984,-0.12797984,-0.12797984,-0.12797984,-0.12797984,-0.12797984,-0.12797984,-0.12797984
437,2015-09-05 00:07:17,64.79698,50.0,-0.12797984,64.924965,65.05295,65.18093,65.308914,65.4369,65.56488,65.69286,65.82085,65.94883,66.07681,66.204796,66.33278,66.46076,66.588745,66.71673,66.84471,66.972694,67.10068,67.22866,67.35664,67.36054,67.36448,67.36846,67.37249,67.376564,-0.12797984,-0.12797984,-0.12797984,-0.12797984,-0.12797984,-0.12797984,-0.12797984,-0.12797984,-0.12797984,-0.12797984,-0.12797984,-0.12797984,-0.12797984,-0.12797984,-0.12797984,-0.12797984,-0.12797984,-0.12797984,-0.12797984,-0.12797984,-0.12797984,-0.12797984,-0.12797984,-0.12797984,-0.12797984
438,2015-09-05 00:07:18,64.669,50.0,-0.12797984,64.79698,64.924965,65.05295,65.18093,65.308914,65.4369,65.56488,65.69286,65.82085,65.94883,66.07681,66.204796,66.33278,66.46076,66.588745,66.71673,66.84471,66.972694,67.10068,67.22866,67.35664,67.36054,67.36448,67.36846,67.37249,-0.12797984,-0.12797984,-0.12797984,-0.12797984,-0.12797984,-0.12797984,-0.12797984,-0.12797984,-0.12797984,-0.12797984,-0.12797984,-0.12797984,-0.12797984,-0.12797984,-0.12797984,-0.12797984,-0.12797984,-0.12797984,-0.12797984,-0.12797984,-0.12797984,-0.12797984,-0.12797984,-0.12797984,-0.12797984
439,2015-09-05 00:07:19,64.541016,50.0,-0.12797984,64.669,64.79698,64.924965,65.05295,65.18093,65.308914,65.4369,65.56488,65.69286,65.82085,65.94883,66.07681,66.204796,66.33278,66.46076,66.588745,66.71673,66.84471,66.972694,67.10068,67.22866,67.35664,67.36054,67.36448,67.36846,-0.12797984,-0.12797984,-0.12797984,-0.12797984,-0.12797984,-0.12797984,-0.12797984,-0.12797984,-0.12797984,-0.12797984,-0.12797984,-0.12797984,-0.12797984,-0.12797984,-0.12797984,-0.12797984,-0.12797984,-0.12797984,-0.12797984,-0.12797984,-0.12797984,-0.12797984,-0.12797984,-0.12797984,-0.12797984
440,2015-09-05 00:07:20,64.41303,50.0,-0.12797984,64.541016,64.669,64.79698,64.924965,65.05295,65.18093,65.308914,65.4369,65.56488,65.69286,65.82085,65.94883,66.07681,66.204796,66.33278,66.46076,66.588745,66.71673,66.84471,66.972694,67.10068,67.22866,67.35664,67.36054,67.36448,-0.12797984,-0.12797984,-0.12797984,-0.12797984,-0.12797984,-0.12797984,-0.12797984,-0.12797984,-0.12797984,-0.12797984,-0.12797984,-0.12797984,-0.12797984,-0.12797984,-0.12797984,-0.12797984,-0.12797984,-0.12797984,-0.12797984,-0.12797984,-0.12797984,-0.12797984,-0.12797984,-0.12797984,-0.12797984
441,2015-09-05 00:07:21,64.28505,50.0,-0.12797984,64.41303,64.541016,64.669,64.79698,64.924965,65.05295,65.18093,65.308914,65.4369,65.56488,65.69286,65.82085,65.94883,66.07681,66.204796,66.33278,66.46076,66.588745,66.71673,66.84471,66.972694,67.10068,67.22866,67.35664,67.36054,-0.12797984,-0.12797984,-0.12797984,-0.12797984,-0.12797984,-0.12797984,-0.12797984,-0.12797984,-0.12797984,-0.12797984,-0.12797984,-0.12797984,-0.12797984,-0.12797984,-0.12797984,-0.12797984,-0.12797984,-0.12797984,-0.12797984,-0.12797984,-0.12797984,-0.12797984,-0.12797984,-0.12797984,-0.12797984
442,2015-09-05 00:07:22,64.15707,50.0,-0.12797984,64.28505,64.41303,64.541016,64.669,64.79698,64.924965,65.05295,65.18093,65.308914,65.4369,65.56488,65.69286,65.82085,65.94883,66.07681,66.204796,66.33278,66.46076,66.588745,66.71673,66.84471,66.972694,67.10068,67.22866,67.35664,-0.12797984,-0.12797984,-0.12797984,-0.12797984,-0.12797984,-0.12797984,-0.12797984,-0.12797984,-0.12797984,-0.12797984,-0.12797984,-0.12797984,-0.12797984,-0.12797984,-0.12797984,-0.12797984,-0.12797984,-0.12797984,-0.12797984,-0.12797984,-0.12797984,-0.12797984,-0.12797984,-0.12797984,-0.12797984
443,2015-09-05 00:07:23,64.02908,50.0,-0.12797984,64.15707,64.28505,64.41303,64.541016,64.669,64.79698,64.924965,65.05295,65.18093,65.308914,65.4369,65.56488,65.69286,65.82085,65.94883,66.07681,66.204796,66.33278,66.46076,66.588745,66.71673,66.84471,66.972694,67.10068,67.22866,-0.12797984,-0.12797984,-0.12797984,-0.12797984,-0.12797984,-0.12797984,-0.12797984,-0.12797984,-0.12797984,-0.12797984,-0.12797984,-0.12797984,-0.12797984,-0.12797984,-0.12797984,-0.12797984,-0.12797984,-0.12797984,-0.12797984,-0.12797984,-0.12797984,-0.12797984,-0.12797984,-0.12797984,-0.12797984
444,2015-09-05 00:07:24,63.901104,50.0,-0.12797984,64.02908,64.15707,64.28505,64.41303,64.541016,64.669,64.79698,64.924965,65.05295,65.18093,65.308914,65.4369,65.56488,65.69286,65.82085,65.94883,66.07681,66.204796,66.33278,66.46076,66.588745,66.71673,66.84471,66.972694,67.10068,-0.12797984,-0.12797984,-0.12797984,-0.12797984,-0.12797984,-0.12797984,-0.12797984,-0.12797984,-0.12797984,-0.12797984,-0.12797984,-0.12797984,-0.12797984,-0.12797984,-0.12797984,-0.12797984,-0.12797984,-0.12797984,-0.12797984,-0.12797984,-0.12797984,-0.12797984,-0.12797984,-0.12797984,-0.12797984
445,2015-09-05 00:07:25,63.773125,50.0,-0.12797984,63.901104,64.02908,64.15707,64.28505,64.41303,64.541016,64.669,64.79698,64.924965,65.05295,65.18093,65.308914,65.4369,65.56488,65.69286,65.82085,65.94883,66.07681,66.204796,66.33278,66.46076,66.588745,66.71673,66.84471,66.972694,-0.12797984,-0.12797984,-0.12797984,-0.12797984,-0.12797984,-0.12797984,-0.12797984,-0.12797984,-0.12797984,-0.12797984,-0.12797984,-0.12797984,-0.12797984,-0.12797984,-0.12797984,-0.12797984,-0.12797984,-0.12797984,-0.12797984,-0.12797984,-0.12797984,-0.12797984,-0.12797984,-0.12797984,-0.12797984
446,2015-09-05 00:07:26,63.645145,50.0,-0.12797984,63.773125,63.901104,64.02908,64.15707,64.28505,64.41303,64.541016,64.669,64.79698,64.924965,65.05295,65.18093,65.308914,65.4369,65.56488,65.69286,65.82085,65.94883,66.07681,66.204796,66.33278,66.46076,66.588745,66.71673,66.84471,-0.12797984,-0.12797984,-0.12797984,-0.12797984,-0.12797984,-0.12797984,-0.12797984,-0.12797984,-0.12797984,-0.12797984,-0.12797984,-0.12797984,-0.12797984,-0.12797984,-0.12797984,-0.12797984,-0.12797984,-0.12797984,-0.12797984,-0.12797984,-0.12797984,-0.12797984,-0.12797984,-0.12797984,-0.12797984
447,2015-09-05 00:07:27,63.517166,50.0,-0.12797984,63.645145,63.773125,63.901104,64.02908,64.15707,64.28505,64.41303,64.541016,64.669,64.79698,64.924965,65.05295,65.18093,65.308914,65.4369,65.56488,65.69286,65.82085,65.94883,66.07681,66.204796,66.33278,66.46076,66.588745,66.71673,-0.12797984,-0.12797984,-0.12797984,-0.12797984,-0.12797984,-0.12797984,-0.12797984,-0.12797984,-0.12797984,-0.12797984,-0.12797984,-0.12797984,-0.12797984,-0.12797984,-0.12797984,-0.12797984,-0.12797984,-0.12797984,-0.12797984,-0.12797984,-0.12797984,-0.12797984,-0.12797984,-0.12797984,-0.12797984
448,2015-09-05 00:07:28,63.389187,50.0,-0.12797984,63.517166,63.645145,63.773125,63.901104,64.02908,64.15707,64.28505,64.41303,64.541016,64.669,64.79698,64.924965,65.05295,65.18093,65.308914,65.4369,65.56488,65.69286,65.82085,65.94883,66.07681,66.204796,66.33278,66.46076,66.588745,-0.12797984,-0.12797984,-0.12797984,-0.12797984,-0.12797984,-0.12797984,-0.12797984,-0.12797984,-0.12797984,-0.12797984,-0.12797984,-0.12797984,-0.12797984,-0.12797984,-0.12797984,-0.12797984,-0.12797984,-0.12797984,-0.12797984,-0.12797984,-0.12797984,-0.12797984,-0.12797984,-0.12797984,-0.12797984
449,2015-09-05 00:07:29,63.261208,50.0,-0.12797984,63.389187,63.517166,63.645145,63.773125,63.901104,64.02908,64.15707,64.28505,64.41303,64.541016,64.669,64.79698,64.924965,65.05295,65.18093,65.308914,65.4369,65.56488,65.69286,65.82085,65.94883,66.07681,66.204796,66.33278,66.46076,-0.12797984,-0.12797984,-0.12797984,-0.12797984,-0.12797984,-0.12797984,-0.12797984,-0.12797984,-0.12797984,-0.12797984,-0.12797984,-0.12797984,-0.12797984,-0.12797984,-0.12797984,-0.12797984,-0.12797984,-0.12797984,-0.12797984,-0.12797984,-0.12797984,-0.12797984,-0.12797984,-0.12797984,-0.12797984
450,2015-09-05 00:07:30,63.13323,50.0,-0.12797984,63.261208,63.389187,63.517166,63.645145,63.773125,63.901104,64.02908,64.15707,64.28505,64.41303,64.541016,64.669,64.79698,64.924965,65.05295,65.18093,65.308914,65.4369,65.56488,65.69286,65.82085,65.94883,66.07681,66.204796,66.33278,-0.12797984,-0.12797984,-0.12797984,-0.12797984,-0.12797984,-0.12797984,-0.12797984,-0.12797984,-0.12797984,-0.12797984,-0.12797984,-0.12797984,-0.12797984,-0.12797984,-0.12797984,-0.12797984,-0.12797984,-0.12797984,-0.12797984,-0.12797984,-0.12797984,-0.12797984,-0.12797984,-0.12797984,-0.12797984
451,2015-09-05 00:07:31,63.00525,50.0,-0.12797984,63.13323,63.261208,63.389187,63.517166,63.645145,63.773125,63.901104,64.02908,64.15707,64.28505,64.41303,64.541016,64.669,64.79698,64.924965,65.05295,65.18093,65.308914,65.4369,65.56488,65.69286,65.82085,65.94883,66.07681,66.204796,-0.12797984,-0.12797984,-0.12797984,-0.12797984,-0.12797984,-0.12797984,-0.12797984,-0.12797984,-0.12797984,-0.12797984,-0.12797984,-0.12797984,-0.12797984,-0.12797984,-0.12797984,-0.12797984,-0.12797984,-0.12797984,-0.12797984,-0.12797984,-0.12797984,-0.12797984,-0.12797984,-0.12797984,-0.12797984
452,2015-09-05 00:07:32,62.87727,50.0,-0.12797984,63.00525,63.13323,63.261208,63.389187,63.517166,63.645145,63.773125,63.901104,64.02908,64.15707,64.28505,64.41303,64.541016,64.669,64.79698,64.924965,65.05295,65.18093,65.308914,65.4369,65.56488,65.69286,65.82085,65.94883,66.07681,-0.12797984,-0.12797984,-0.12797984,-0.12797984,-0.12797984,-0.12797984,-0.12797984,-0.12797984,-0.12797984,-0.12797984,-0.12797984,-0.12797984,-0.12797984,-0.12797984,-0.12797984,-0.12797984,-0.12797984,-0.12797984,-0.12797984,-0.12797984,-0.12797984,-0.12797984,-0.12797984,-0.12797984,-0.12797984
453,2015-09-05 00:07:33,62.74929,50.0,-0.12797984,62.87727,63.00525,63.13323,63.261208,63.389187,63.517166,63.645145,63.773125,63.901104,64.02908,64.15707,64.28505,64.41303,64.541016,64.669,64.79698,64.924965,65.05295,65.18093,65.308914,65.4369,65.56488,65.69286,65.82085,65.94883,-0.12797984,-0.12797984,-0.12797984,-0.12797984,-0.12797984,-0.12797984,-0.12797984,-0.12797984,-0.12797984,-0.12797984,-0.12797984,-0.12797984,-0.12797984,-0.12797984,-0.12797984,-0.12797984,-0.12797984,-0.12797984,-0.12797984,-0.12797984,-0.12797984,-0.12797984,-0.12797984,-0.12797984,-0.12797984
454,2015-09-05 00:07:34,62.62131,50.0,-0.12797984,62.74929,62.87727,63.00525,63.13323,63.261208,63.389187,63.517166,63.645145,63.773125,63.901104,64.02908,64.15707,64.28505,64.41303,64.541016,64.669,64.79698,64.924965,65.05295,65.18093,65.308914,65.4369,65.56488,65.69286,65.82085,-0.12797984,-0.12797984,-0.12797984,-0.12797984,-0.12797984,-0.12797984,-0.12797984,-0.12797984,-0.12797984,-0.12797984,-0.12797984,-0.12797984,-0.12797984,-0.12797984,-0.12797984,-0.12797984,-0.12797984,-0.12797984,-0.12797984,-0.12797984,-0.12797984,-0.12797984,-0.12797984,-0.12797984,-0.12797984
455,2015-09-05 00:07:35,62.493332,50.0,-0.12797984,62.62131,62.74929,62.87727,63.00525,63.13323,63.261208,63.389187,63.517166,63.645145,63.773125,63.901104,64.02908,64.15707,64.28505,64.41303,64.541016,64.669,64.79698,64.924965,65.05295,65.18093,65.308914,65.4369,65.56488,65.69286,-0.12797984,-0.12797984,-0.12797984,-0.12797984,-0.12797984,-0.12797984,-0.12797984,-0.12797984,-0.12797984,-0.12797984,-0.12797984,-0.12797984,-0.12797984,-0.12797984,-0.12797984,-0.12797984,-0.12797984,-0.12797984,-0.12797984,-0.12797984,-0.12797984,-0.12797984,-0.12797984,-0.12797984,-0.12797984
456,2015-09-05 00:07:36,62.365353,50.0,-0.12797984,62.493332,62.62131,62.74929,62.87727,63.00525,63.13323,63.261208,63.389187,63.517166,63.645145,63.773125,63.901104,64.02908,64.15707,64.28505,64.41303,64.541016,64.669,64.79698,64.924965,65.05295,65.18093,65.308914,65.4369,65.56488,-0.12797984,-0.12797984,-0.12797984,-0.12797984,-0.12797984,-0.12797984,-0.12797984,-0.12797984,-0.12797984,-0.12797984,-0.12797984,-0.12797984,-0.12797984,-0.12797984,-0.12797984,-0.12797984,-0.12797984,-0.12797984,-0.12797984,-0.12797984,-0.12797984,-0.12797984,-0.12797984,-0.12797984,-0.12797984
457,2015-09-05 00:07:37,62.237373,50.0,-0.12797984,62.365353,62.493332,62.62131,62.74929,62.87727,63.00525,63.13323,63.261208,63.389187,63.517166,63.645145,63.773125,63.901104,64.02908,64.15707,64.28505,64.41303,64.541016,64.669,64.79698,64.924965,65.05295,65.18093,65.308914,65.4369,-0.12797984,-0.12797984,-0.12797984,-0.12797984,-0.12797984,-0.12797984,-0.12797984,-0.12797984,-0.12797984,-0.12797984,-0.12797984,-0.12797984,-0.12797984,-0.12797984,-0.12797984,-0.12797984,-0.12797984,-0.12797984,-0.12797984,-0.12797984,-0.12797984,-0.12797984,-0.12797984,-0.12797984,-0.12797984
458,2015-09-05 00:07:38,62.109394,50.0,-0.12797984,62.237373,62.365353,62.493332,62.62131,62.74929,62.87727,63.00525,63.13323,63.261208,63.389187,63.517166,63.645145,63.773125,63.901104,64.02908,64.15707,64.28505,64.41303,64.541016,64.669,64.79698,64.924965,65.05295,65.18093,65.308914,-0.12797984,-0.12797984,-0.12797984,-0.12797984,-0.12797984,-0.12797984,-0.12797984,-0.12797984,-0.12797984,-0.12797984,-0.12797984,-0.12797984,-0.12797984,-0.12797984,-0.12797984,-0.12797984,-0.12797984,-0.12797984,-0.12797984,-0.12797984,-0.12797984,-0.12797984,-0.12797984,-0.12797984,-0.12797984
459,2015-09-05 00:07:39,61.981415,50.0,-0.12797984,62.109394,62.237373,62.365353,62.493332,62.62131,62.74929,62.87727,63.00525,63.13323,63.261208,63.389187,63.517166,63.645145,63.773125,63.901104,64.02908,64.15707,64.28505,64.41303,64.541016,64.669,64.79698,64.924965,65.05295,65.18093,-0.12797984,-0.12797984,-0.12797984,-0.12797984,-0.12797984,-0.12797984,-0.12797984,-0.12797984,-0.12797984,-0.12797984,-0.12797984,-0.12797984,-0.12797984,-0.12797984,-0.12797984,-0.12797984,-0.12797984,-0.12797984,-0.12797984,-0.12797984,-0.12797984,-0.12797984,-0.12797984,-0.12797984,-0.12797984
460,2015-09-05 00:07:40,61.853436,50.0,-0.12797984,61.981415,62.109394,62.237373,62.365353,62.493332,62.62131,62.74929,62.87727,63.00525,63.13323,63.261208,63.389187,63.517166,63.645145,63.773125,63.901104,64.02908,64.15707,64.28505,64.41303,64.541016,64.669,64.79698,64.924965,65.05295,-0.12797984,-0.12797984,-0.12797984,-0.12797984,-0.12797984,-0.12797984,-0.12797984,-0.12797984,-0.12797984,-0.12797984,-0.12797984,-0.12797984,-0.12797984,-0.12797984,-0.12797984,-0.12797984,-0.12797984,-0.12797984,-0.12797984,-0.12797984,-0.12797984,-0.12797984,-0.12797984,-0.12797984,-0.12797984
461,2015-09-05 00:07:41,61.725456,50.0,-0.12797984,61.853436,61.981415,62.109394,62.237373,62.365353,62.493332,62.62131,62.74929,62.87727,63.00525,63.13323,63.261208,63.389187,63.517166,63.645145,63.773125,63.901104,64.02908,64.15707,64.28505,64.41303,64.541016,64.669,64.79698,64.924965,-0.12797984,-0.12797984,-0.12797984,-0.12797984,-0.12797984,-0.12797984,-0.12797984,-0.12797984,-0.12797984,-0.12797984,-0.12797984,-0.12797984,-0.12797984,-0.12797984,-0.12797984,-0.12797984,-0.12797984,-0.12797984,-0.12797984,-0.12797984,-0.12797984,-0.12797984,-0.12797984,-0.12797984,-0.12797984
462,2015-09-05 00:07:42,61.597477,50.0,-0.12797984,61.725456,61.853436,61.981415,62.109394,62.237373,62.365353,62.493332,62.62131,62.74929,62.87727,63.00525,63.13323,63.261208,63.389187,63.517166,63.645145,63.773125,63.901104,64.02908,64.15707,64.28505,64.41303,64.541016,64.669,64.79698,-0.12797984,-0.12797984,-0.12797984,-0.12797984,-0.12797984,-0.12797984,-0.12797984,-0.12797984,-0.12797984,-0.12797984,-0.12797984,-0.12797984,-0.12797984,-0.12797984,-0.12797984,-0.12797984,-0.12797984,-0.12797984,-0.12797984,-0.12797984,-0.12797984,-0.12797984,-0.12797984,-0.12797984,-0.12797984
463,2015-09-05 00:07:43,61.469498,50.0,-0.12797984,61.597477,61.725456,61.853436,61.981415,62.109394,62.237373,62.365353,62.493332,62.62131,62.74929,62.87727,63.00525,63.13323,63.261208,63.389187,63.517166,63.645145,63.773125,63.901104,64.02908,64.15707,64.28505,64.41303,64.541016,64.669,-0.12797984,-0.12797984,-0.12797984,-0.12797984,-0.12797984,-0.12797984,-0.12797984,-0.12797984,-0.12797984,-0.12797984,-0.12797984,-0.12797984,-0.12797984,-0.12797984,-0.12797984,-0.12797984,-0.12797984,-0.12797984,-0.12797984,-0.12797984,-0.12797984,-0.12797984,-0.12797984,-0.12797984,-0.12797984
464,2015-09-05 00:07:44,61.34152,50.0,-0.12797984,61.469498,61.597477,61.725456,61.853436,61.981415,62.109394,62.237373,62.365353,62.493332,62.62131,62.74929,62.87727,63.00525,63.13323,63.261208,63.389187,63.517166,63.645145,63.773125,63.901104,64.02908,64.15707,64.28505,64.41303,64.541016,-0.12797984,-0.12797984,-0.12797984,-0.12797984,-0.12797984,-0.12797984,-0.12797984,-0.12797984,-0.12797984,-0.12797984,-0.12797984,-0.12797984,-0.12797984,-0.12797984,-0.12797984,-0.12797984,-0.12797984,-0.12797984,-0.12797984,-0.12797984,-0.12797984,-0.12797984,-0.12797984,-0.12797984,-0.12797984
465,2015-09-05 00:07:45,61.21354,50.0,-0.12797984,61.34152,61.469498,61.597477,61.725456,61.853436,61.981415,62.109394,62.237373,62.365353,62.493332,62.62131,62.74929,62.87727,63.00525,63.13323,63.261208,63.389187,63.517166,63.645145,63.773125,63.901104,64.02908,64.15707,64.28505,64.41303,-0.12797984,-0.12797984,-0.12797984,-0.12797984,-0.12797984,-0.12797984,-0.12797984,-0.12797984,-0.12797984,-0.12797984,-0.12797984,-0.12797984,-0.12797984,-0.12797984,-0.12797984,-0.12797984,-0.12797984,-0.12797984,-0.12797984,-0.12797984,-0.12797984,-0.12797984,-0.12797984,-0.12797984,-0.12797984
466,2015-09-05 00:07:46,61.08556,50.0,-0.12797984,61.21354,61.34152,61.469498,61.597477,61.725456,61.853436,61.981415,62.109394,62.237373,62.365353,62.493332,62.62131,62.74929,62.87727,63.00525,63.13323,63.261208,63.389187,63.517166,63.645145,63.773125,63.901104,64.02908,64.15707,64.28505,-0.12797984,-0.12797984,-0.12797984,-0.12797984,-0.12797984,-0.12797984,-0.12797984,-0.12797984,-0.12797984,-0.12797984,-0.12797984,-0.12797984,-0.12797984,-0.12797984,-0.12797984,-0.12797984,-0.12797984,-0.12797984,-0.12797984,-0.12797984,-0.12797984,-0.12797984,-0.12797984,-0.12797984,-0.12797984
467,2015-09-05 00:07:47,60.95758,50.0,-0.12797984,61.08556,61.21354,61.34152,61.469498,61.597477,61.725456,61.853436,61.981415,62.109394,62.237373,62.365353,62.493332,62.62131,62.74929,62.87727,63.00525,63.13323,63.261208,63.389187,63.517166,63.645145,63.773125,63.901104,64.02908,64.15707,-0.12797984,-0.12797984,-0.12797984,-0.12797984,-0.12797984,-0.12797984,-0.12797984,-0.12797984,-0.12797984,-0.12797984,-0.12797984,-0.12797984,-0.12797984,-0.12797984,-0.12797984,-0.12797984,-0.12797984,-0.12797984,-0.12797984,-0.12797984,-0.12797984,-0.12797984,-0.12797984,-0.12797984,-0.12797984
468,2015-09-05 00:07:48,60.8296,50.0,-0.12797984,60.95758,61.08556,61.21354,61.34152,61.469498,61.597477,61.725456,61.853436,61.981415,62.109394,62.237373,62.365353,62.493332,62.62131,62.74929,62.87727,63.00525,63.13323,63.261208,63.389187,63.517166,63.645145,63.773125,63.901104,64.02908,-0.12797984,-0.12797984,-0.12797984,-0.12797984,-0.12797984,-0.12797984,-0.12797984,-0.12797984,-0.12797984,-0.12797984,-0.12797984,-0.12797984,-0.12797984,-0.12797984,-0.12797984,-0.12797984,-0.12797984,-0.12797984,-0.12797984,-0.12797984,-0.12797984,-0.12797984,-0.12797984,-0.12797984,-0.12797984
469,2015-09-05 00:07:49,60.701622,50.0,-0.12797984,60.8296,60.95758,61.08556,61.21354,61.34152,61.469498,61.597477,61.725456,61.853436,61.981415,62.109394,62.237373,62.365353,62.493332,62.62131,62.74929,62.87727,63.00525,63.13323,63.261208,63.389187,63.517166,63.645145,63.773125,63.901104,-0.12797984,-0.12797984,-0.12797984,-0.12797984,-0.12797984,-0.12797984,-0.12797984,-0.12797984,-0.12797984,-0.12797984,-0.12797984,-0.12797984,-0.12797984,-0.12797984,-0.12797984,-0.12797984,-0.12797984,-0.12797984,-0.12797984,-0.12797984,-0.12797984,-0.12797984,-0.12797984,-0.12797984,-0.12797984
470,2015-09-05 00:07:50,60.573643,50.0,-0.12797984,60.701622,60.8296,60.95758,61.08556,61.21354,61.34152,61.469498,61.597477,61.725456,61.853436,61.981415,62.109394,62.237373,62.365353,62.493332,62.62131,62.74929,62.87727,63.00525,63.13323,63.261208,63.389187,63.517166,63.645145,63.773125,-0.12797984,-0.12797984,-0.12797984,-0.12797984,-0.12797984,-0.12797984,-0.12797984,-0.12797984,-0.12797984,-0.12797984,-0.12797984,-0.12797984,-0.12797984,-0.12797984,-0.12797984,-0.12797984,-0.12797984,-0.12797984,-0.12797984,-0.12797984,-0.12797984,-0.12797984,-0.12797984,-0.12797984,-0.12797984
471,2015-09-05 00:07:51,60.445663,50.0,-0.12797984,60.573643,60.701622,60.8296,60.95758,61.08556,61.21354,61.34152,61.469498,61.597477,61.725456,61.853436,61.981415,62.109394,62.237373,62.365353,62.493332,62.62131,62.74929,62.87727,63.00525,63.13323,63.261208,63.389187,63.517166,63.645145,-0.12797984,-0.12797984,-0.12797984,-0.12797984,-0.12797984,-0.12797984,-0.12797984,-0.12797984,-0.12797984,-0.12797984,-0.12797984,-0.12797984,-0.12797984,-0.12797984,-0.12797984,-0.12797984,-0.12797984,-0.12797984,-0.12797984,-0.12797984,-0.12797984,-0.12797984,-0.12797984,-0.12797984,-0.12797984
472,2015-09-05 00:07:52,60.317684,50.0,-0.12797984,60.445663,60.573643,60.701622,60.8296,60.95758,61.08556,61.21354,61.34152,61.469498,61.597477,61.725456,61.853436,61.981415,62.109394,62.237373,62.365353,62.493332,62.62131,62.74929,62.87727,63.00525,63.13323,63.261208,63.389187,63.517166,-0.12797984,-0.12797984,-0.12797984,-0.12797984,-0.12797984,-0.12797984,-0.12797984,-0.12797984,-0.12797984,-0.12797984,-0.12797984,-0.12797984,-0.12797984,-0.12797984,-0.12797984,-0.12797984,-0.12797984,-0.12797984,-0.12797984,-0.12797984,-0.12797984,-0.12797984,-0.12797984,-0.12797984,-0.12797984
473,2015-09-05 00:07:53,60.189705,50.0,-0.12797984,60.317684,60.445663,60.573643,60.701622,60.8296,60.95758,61.08556,61.21354,61.34152,61.469498,61.597477,61.725456,61.853436,61.981415,62.109394,62.237373,62.365353,62.493332,62.62131,62.74929,62.87727,63.00525,63.13323,63.261208,63.389187,-0.12797984,-0.12797984,-0.12797984,-0.12797984,-0.12797984,-0.12797984,-0.12797984,-0.12797984,-0.12797984,-0.12797984,-0.12797984,-0.12797984,-0.12797984,-0.12797984,-0.12797984,-0.12797984,-0.12797984,-0.12797984,-0.12797984,-0.12797984,-0.12797984,-0.12797984,-0.12797984,-0.12797984,-0.12797984
474,2015-09-05 00:07:54,60.061726,50.0,-0.12797984,60.189705,60.317684,60.445663,60.573643,60.701622,60.8296,60.95758,61.08556,61.21354,61.34152,61.469498,61.597477,61.725456,61.853436,61.981415,62.109394,62.237373,62.365353,62.493332,62.62131,62.74929,62.87727,63.00525,63.13323,63.261208,-0.12797984,-0.12797984,-0.12797984,-0.12797984,-0.12797984,-0.12797984,-0.12797984,-0.12797984,-0.12797984,-0.12797984,-0.12797984,-0.12797984,-0.12797984,-0.12797984,-0.12797984,-0.12797984,-0.12797984,-0.12797984,-0.12797984,-0.12797984,-0.12797984,-0.12797984,-0.12797984,-0.12797984,-0.12797984
475,2015-09-05 00:07:55,59.933746,50.0,-0.12797984,60.061726,60.189705,60.317684,60.445663,60.573643,60.701622,60.8296,60.95758,61.08556,61.21354,61.34152,61.469498,61.597477,61.725456,61.853436,61.981415,62.109394,62.237373,62.365353,62.493332,62.62131,62.74929,62.87727,63.00525,63.13323,-0.12797984,-0.12797984,-0.12797984,-0.12797984,-0.12797984,-0.12797984,-0.12797984,-0.12797984,-0.12797984,-0.12797984,-0.12797984,-0.12797984,-0.12797984,-0.12797984,-0.12797984,-0.12797984,-0.12797984,-0.12797984,-0.12797984,-0.12797984,-0.12797984,-0.12797984,-0.12797984,-0.12797984,-0.12797984
476,2015-09-05 00:07:56,59.805767,50.0,-0.12797984,59.933746,60.061726,60.189705,60.317684,60.445663,60.573643,60.701622,60.8296,60.95758,61.08556,61.21354,61.34152,61.469498,61.597477,61.725456,61.853436,61.981415,62.109394,62.237373,62.365353,62.493332,62.62131,62.74929,62.87727,63.00525,-0.12797984,-0.12797984,-0.12797984,-0.12797984,-0.12797984,-0.12797984,-0.12797984,-0.12797984,-0.12797984,-0.12797984,-0.12797984,-0.12797984,-0.12797984,-0.12797984,-0.12797984,-0.12797984,-0.12797984,-0.12797984,-0.12797984,-0.12797984,-0.12797984,-0.12797984,-0.12797984,-0.12797984,-0.12797984
477,2015-09-05 00:07:57,59.677788,50.0,-0.12797984,59.805767,59.933746,60.061726,60.189705,60.317684,60.445663,60.573643,60.701622,60.8296,60.95758,61.08556,61.21354,61.34152,61.469498,61.597477,61.725456,61.853436,61.981415,62.109394,62.237373,62.365353,62.493332,62.62131,62.74929,62.87727,-0.12797984,-0.12797984,-0.12797984,-0.12797984,-0.12797984,-0.12797984,-0.12797984,-0.12797984,-0.12797984,-0.12797984,-0.12797984,-0.12797984,-0.12797984,-0.12797984,-0.12797984,-0.12797984,-0.12797984,-0.12797984,-0.12797984,-0.12797984,-0.12797984,-0.12797984,-0.12797984,-0.12797984,-0.12797984
478,2015-09-05 00:07:58,59.54981,50.0,-0.12797984,59.677788,59.805767,59.933746,60.061726,60.189705,60.317684,60.445663,60.573643,60.701622,60.8296,60.95758,61.08556,61.21354,61.34152,61.469498,61.597477,61.725456,61.853436,61.981415,62.109394,62.237373,62.365353,62.493332,62.62131,62.74929,-0.12797984,-0.12797984,-0.12797984,-0.12797984,-0.12797984,-0.12797984,-0.12797984,-0.12797984,-0.12797984,-0.12797984,-0.12797984,-0.12797984,-0.12797984,-0.12797984,-0.12797984,-0.12797984,-0.12797984,-0.12797984,-0.12797984,-0.12797984,-0.12797984,-0.12797984,-0.12797984,-0.12797984,-0.12797984
479,2015-09-05 00:07:59,59.42183,50.0,-0.12797984,59.54981,59.677788,59.805767,59.933746,60.061726,60.189705,60.317684,60.445663,60.573643,60.701622,60.8296,60.95758,61.08556,61.21354,61.34152,61.469498,61.597477,61.725456,61.853436,61.981415,62.109394,62.237373,62.365353,62.493332,62.62131,-0.12797984,-0.12797984,-0.12797984,-0.12797984,-0.12797984,-0.12797984,-0.12797984,-0.12797984,-0.12797984,-0.12797984,-0.12797984,-0.12797984,-0.12797984,-0.12797984,-0.12797984,-0.12797984,-0.12797984,-0.12797984,-0.12797984,-0.12797984,-0.12797984,-0.12797984,-0.12797984,-0.12797984,-0.12797984
480,2015-09-05 00:08:00,59.29385,50.0,-0.12797984,59.42183,59.54981,59.677788,59.805767,59.933746,60.061726,60.189705,60.317684,60.445663,60.573643,60.701622,60.8296,60.95758,61.08556,61.21354,61.34152,61.469498,61.597477,61.725456,61.853436,61.981415,62.109394,62.237373,62.365353,62.493332,-0.12797984,-0.12797984,-0.12797984,-0.12797984,-0.12797984,-0.12797984,-0.12797984,-0.12797984,-0.12797984,-0.12797984,-0.12797984,-0.12797984,-0.12797984,-0.12797984,-0.12797984,-0.12797984,-0.12797984,-0.12797984,-0.12797984,-0.12797984,-0.12797984,-0.12797984,-0.12797984,-0.12797984,-0.12797984
481,2015-09-05 00:08:01,59.16587,50.0,-0.12797984,59.29385,59.42183,59.54981,59.677788,59.805767,59.933746,60.061726,60.189705,60.317684,60.445663,60.573643,60.701622,60.8296,60.95758,61.08556,61.21354,61.34152,61.469498,61.597477,61.725456,61.853436,61.981415,62.109394,62.237373,62.365353,-0.12797984,-0.12797984,-0.12797984,-0.12797984,-0.12797984,-0.12797984,-0.12797984,-0.12797984,-0.12797984,-0.12797984,-0.12797984,-0.12797984,-0.12797984,-0.12797984,-0.12797984,-0.12797984,-0.12797984,-0.12797984,-0.12797984,-0.12797984,-0.12797984,-0.12797984,-0.12797984,-0.12797984,-0.12797984
482,2015-09-05 00:08:02,59.03789,50.0,-0.12797984,59.16587,59.29385,59.42183,59.54981,59.677788,59.805767,59.933746,60.061726,60.189705,60.317684,60.445663,60.573643,60.701622,60.8296,60.95758,61.08556,61.21354,61.34152,61.469498,61.597477,61.725456,61.853436,61.981415,62.109394,62.237373,-0.12797984,-0.12797984,-0.12797984,-0.12797984,-0.12797984,-0.12797984,-0.12797984,-0.12797984,-0.12797984,-0.12797984,-0.12797984,-0.12797984,-0.12797984,-0.12797984,-0.12797984,-0.12797984,-0.12797984,-0.12797984,-0.12797984,-0.12797984,-0.12797984,-0.12797984,-0.12797984,-0.12797984,-0.12797984
483,2015-09-05 00:08:03,58.909912,50.0,-0.12797984,59.03789,59.16587,59.29385,59.42183,59.54981,59.677788,59.805767,59.933746,60.061726,60.189705,60.317684,60.445663,60.573643,60.701622,60.8296,60.95758,61.08556,61.21354,61.34152,61.469498,61.597477,61.725456,61.853436,61.981415,62.109394,-0.12797984,-0.12797984,-0.12797984,-0.12797984,-0.12797984,-0.12797984,-0.12797984,-0.12797984,-0.12797984,-0.12797984,-0.12797984,-0.12797984,-0.12797984,-0.12797984,-0.12797984,-0.12797984,-0.12797984,-0.12797984,-0.12797984,-0.12797984,-0.12797984,-0.12797984,-0.12797984,-0.12797984,-0.12797984
484,2015-09-05 00:08:04,58.781933,50.0,-0.12797984,58.909912,59.03789,59.16587,59.29385,59.42183,59.54981,59.677788,59.805767,59.933746,60.061726,60.189705,60.317684,60.445663,60.573643,60.701622,60.8296,60.95758,61.08556,61.21354,61.34152,61.469498,61.597477,61.725456,61.853436,61.981415,-0.12797984,-0.12797984,-0.12797984,-0.12797984,-0.12797984,-0.12797984,-0.12797984,-0.12797984,-0.12797984,-0.12797984,-0.12797984,-0.12797984,-0.12797984,-0.12797984,-0.12797984,-0.12797984,-0.12797984,-0.12797984,-0.12797984,-0.12797984,-0.12797984,-0.12797984,-0.12797984,-0.12797984,-0.12797984
485,2015-09-05 00:08:05,58.653954,50.0,-0.12797984,58.781933,58.909912,59.03789,59.16587,59.29385,59.42183,59.54981,59.677788,59.805767,59.933746,60.061726,60.189705,60.317684,60.445663,60.573643,60.701622,60.8296,60.95758,61.08556,61.21354,61.34152,61.469498,61.597477,61.725456,61.853436,-0.12797984,-0.12797984,-0.12797984,-0.12797984,-0.12797984,-0.12797984,-0.12797984,-0.12797984,-0.12797984,-0.12797984,-0.12797984,-0.12797984,-0.12797984,-0.12797984,-0.12797984,-0.12797984,-0.12797984,-0.12797984,-0.12797984,-0.12797984,-0.12797984,-0.12797984,-0.12797984,-0.12797984,-0.12797984
486,2015-09-05 00:08:06,58.525974,50.0,-0.12797984,58.653954,58.781933,58.909912,59.03789,59.16587,59.29385,59.42183,59.54981,59.677788,59.805767,59.933746,60.061726,60.189705,60.317684,60.445663,60.573643,60.701622,60.8296,60.95758,61.08556,61.21354,61.34152,61.469498,61.597477,61.725456,-0.12797984,-0.12797984,-0.12797984,-0.12797984,-0.12797984,-0.12797984,-0.12797984,-0.12797984,-0.12797984,-0.12797984,-0.12797984,-0.12797984,-0.12797984,-0.12797984,-0.12797984,-0.12797984,-0.12797984,-0.12797984,-0.12797984,-0.12797984,-0.12797984,-0.12797984,-0.12797984,-0.12797984,-0.12797984
487,2015-09-05 00:08:07,58.397995,50.0,-0.12797984,58.525974,58.653954,58.781933,58.909912,59.03789,59.16587,59.29385,59.42183,59.54981,59.677788,59.805767,59.933746,60.061726,60.189705,60.317684,60.445663,60.573643,60.701622,60.8296,60.95758,61.08556,61.21354,61.34152,61.469498,61.597477,-0.12797984,-0.12797984,-0.12797984,-0.12797984,-0.12797984,-0.12797984,-0.12797984,-0.12797984,-0.12797984,-0.12797984,-0.12797984,-0.12797984,-0.12797984,-0.12797984,-0.12797984,-0.12797984,-0.12797984,-0.12797984,-0.12797984,-0.12797984,-0.12797984,-0.12797984,-0.12797984,-0.12797984,-0.12797984
488,2015-09-05 00:08:08,58.270016,50.0,-0.12797984,58.397995,58.525974,58.653954,58.781933,58.909912,59.03789,59.16587,59.29385,59.42183,59.54981,59.677788,59.805767,59.933746,60.061726,60.189705,60.317684,60.445663,60.573643,60.701622,60.8296,60.95758,61.08556,61.21354,61.34152,61.469498,-0.12797984,-0.12797984,-0.12797984,-0.12797984,-0.12797984,-0.12797984,-0.12797984,-0.12797984,-0.12797984,-0.12797984,-0.12797984,-0.12797984,-0.12797984,-0.12797984,-0.12797984,-0.12797984,-0.12797984,-0.12797984,-0.12797984,-0.12797984,-0.12797984,-0.12797984,-0.12797984,-0.12797984,-0.12797984
489,2015-09-05 00:08:09,58.142036,50.0,-0.12797984,58.270016,58.397995,58.525974,58.653954,58.781933,58.909912,59.03789,59.16587,59.29385,59.42183,59.54981,59.677788,59.805767,59.933746,60.061726,60.189705,60.317684,60.445663,60.573643,60.701622,60.8296,60.95758,61.08556,61.21354,61.34152,-0.12797984,-0.12797984,-0.12797984,-0.12797984,-0.12797984,-0.12797984,-0.12797984,-0.12797984,-0.12797984,-0.12797984,-0.12797984,-0.12797984,-0.12797984,-0.12797984,-0.12797984,-0.12797984,-0.12797984,-0.12797984,-0.12797984,-0.12797984,-0.12797984,-0.12797984,-0.12797984,-0.12797984,-0.12797984
490,2015-09-05 00:08:10,58.014057,50.0,-0.12797984,58.142036,58.270016,58.397995,58.525974,58.653954,58.781933,58.909912,59.03789,59.16587,59.29385,59.42183,59.54981,59.677788,59.805767,59.933746,60.061726,60.189705,60.317684,60.445663,60.573643,60.701622,60.8296,60.95758,61.08556,61.21354,-0.12797984,-0.12797984,-0.12797984,-0.12797984,-0.12797984,-0.12797984,-0.12797984,-0.12797984,-0.12797984,-0.12797984,-0.12797984,-0.12797984,-0.12797984,-0.12797984,-0.12797984,-0.12797984,-0.12797984,-0.12797984,-0.12797984,-0.12797984,-0.12797984,-0.12797984,-0.12797984,-0.12797984,-0.12797984
491,2015-09-05 00:08:11,57.886078,50.0,-0.12797984,58.014057,58.142036,58.270016,58.397995,58.525974,58.653954,58.781933,58.909912,59.03789,59.16587,59.29385,59.42183,59.54981,59.677788,59.805767,59.933746,60.061726,60.189705,60.317684,60.445663,60.573643,60.701622,60.8296,60.95758,61.08556,-0.12797984,-0.12797984,-0.12797984,-0.12797984,-0.12797984,-0.12797984,-0.12797984,-0.12797984,-0.12797984,-0.12797984,-0.12797984,-0.12797984,-0.12797984,-0.12797984,-0.12797984,-0.12797984,-0.12797984,-0.12797984,-0.12797984,-0.12797984,-0.12797984,-0.12797984,-0.12797984,-0.12797984,-0.12797984
492,2015-09-05 00:08:12,57.7581,50.0,-0.12797984,57.886078,58.014057,58.142036,58.270016,58.397995,58.525974,58.653954,58.781933,58.909912,59.03789,59.16587,59.29385,59.42183,59.54981,59.677788,59.805767,59.933746,60.061726,60.189705,60.317684,60.445663,60.573643,60.701622,60.8296,60.95758,-0.12797984,-0.12797984,-0.12797984,-0.12797984,-0.12797984,-0.12797984,-0.12797984,-0.12797984,-0.12797984,-0.12797984,-0.12797984,-0.12797984,-0.12797984,-0.12797984,-0.12797984,-0.12797984,-0.12797984,-0.12797984,-0.12797984,-0.12797984,-0.12797984,-0.12797984,-0.12797984,-0.12797984,-0.12797984
493,2015-09-05 00:08:13,57.63012,50.0,-0.12797984,57.7581,57.886078,58.014057,58.142036,58.270016,58.397995,58.525974,58.653954,58.781933,58.909912,59.03789,59.16587,59.29385,59.42183,59.54981,59.677788,59.805767,59.933746,60.061726,60.189705,60.317684,60.445663,60.573643,60.701622,60.8296,-0.12797984,-0.12797984,-0.12797984,-0.12797984,-0.12797984,-0.12797984,-0.12797984,-0.12797984,-0.12797984,-0.12797984,-0.12797984,-0.12797984,-0.12797984,-0.12797984,-0.12797984,-0.12797984,-0.12797984,-0.12797984,-0.12797984,-0.12797984,-0.12797984,-0.12797984,-0.12797984,-0.12797984,-0.12797984
494,2015-09-05 00:08:14,57.50214,50.0,-0.12797984,57.63012,57.7581,57.886078,58.014057,58.142036,58.270016,58.397995,58.525974,58.653954,58.781933,58.909912,59.03789,59.16587,59.29385,59.42183,59.54981,59.677788,59.805767,59.933746,60.061726,60.189705,60.317684,60.445663,60.573643,60.701622,-0.12797984,-0.12797984,-0.12797984,-0.12797984,-0.12797984,-0.12797984,-0.12797984,-0.12797984,-0.12797984,-0.12797984,-0.12797984,-0.12797984,-0.12797984,-0.12797984,-0.12797984,-0.12797984,-0.12797984,-0.12797984,-0.12797984,-0.12797984,-0.12797984,-0.12797984,-0.12797984,-0.12797984,-0.12797984
495,2015-09-05 00:08:15,57.37416,50.0,-0.12797984,57.50214,57.63012,57.7581,57.886078,58.014057,58.142036,58.270016,58.397995,58.525974,58.653954,58.781933,58.909912,59.03789,59.16587,59.29385,59.42183,59.54981,59.677788,59.805767,59.933746,60.061726,60.189705,60.317684,60.445663,60.573643,-0.12797984,-0.12797984,-0.12797984,-0.12797984,-0.12797984,-0.12797984,-0.12797984,-0.12797984,-0.12797984,-0.12797984,-0.12797984,-0.12797984,-0.12797984,-0.12797984,-0.12797984,-0.12797984,-0.12797984,-0.12797984,-0.12797984,-0.12797984,-0.12797984,-0.12797984,-0.12797984,-0.12797984,-0.12797984
496,2015-09-05 00:08:16,57.24618,50.0,-0.12797984,57.37416,57.50214,57.63012,57.7581,57.886078,58.014057,58.142036,58.270016,58.397995,58.525974,58.653954,58.781933,58.909912,59.03789,59.16587,59.29385,59.42183,59.54981,59.677788,59.805767,59.933746,60.061726,60.189705,60.317684,60.445663,-0.12797984,-0.12797984,-0.12797984,-0.12797984,-0.12797984,-0.12797984,-0.12797984,-0.12797984,-0.12797984,-0.12797984,-0.12797984,-0.12797984,-0.12797984,-0.12797984,-0.12797984,-0.12797984,-0.12797984,-0.12797984,-0.12797984,-0.12797984,-0.12797984,-0.12797984,-0.12797984,-0.12797984,-0.12797984
497,2015-09-05 00:08:17,57.118202,50.0,-0.12797984,57.24618,57.37416,57.50214,57.63012,57.7581,57.886078,58.014057,58.142036,58.270016,58.397995,58.525974,58.653954,58.781933,58.909912,59.03789,59.16587,59.29385,59.42183,59.54981,59.677788,59.805767,59.933746,60.061726,60.189705,60.317684,-0.12797984,-0.12797984,-0.12797984,-0.12797984,-0.12797984,-0.12797984,-0.12797984,-0.12797984,-0.12797984,-0.12797984,-0.12797984,-0.12797984,-0.12797984,-0.12797984,-0.12797984,-0.12797984,-0.12797984,-0.12797984,-0.12797984,-0.12797984,-0.12797984,-0.12797984,-0.12797984,-0.12797984,-0.12797984
498,2015-09-05 00:08:18,56.990223,50.0,-0.12797984,57.118202,57.24618,57.37416,57.50214,57.63012,57.7581,57.886078,58.014057,58.142036,58.270016,58.397995,58.525974,58.653954,58.781933,58.909912,59.03789,59.16587,59.29385,59.42183,59.54981,59.677788,59.805767,59.933746,60.061726,60.189705,-0.12797984,-0.12797984,-0.12797984,-0.12797984,-0.12797984,-0.12797984,-0.12797984,-0.12797984,-0.12797984,-0.12797984,-0.12797984,-0.12797984,-0.12797984,-0.12797984,-0.12797984,-0.12797984,-0.12797984,-0.12797984,-0.12797984,-0.12797984,-0.12797984,-0.12797984,-0.12797984,-0.12797984,-0.12797984
499,2015-09-05 00:08:19,56.862244,50.0,-0.12797984,56.990223,57.118202,57.24618,57.37416,57.50214,57.63012,57.7581,57.886078,58.014057,58.142036,58.270016,58.397995,58.525974,58.653954,58.781933,58.909912,59.03789,59.16587,59.29385,59.42183,59.54981,59.677788,59.805767,59.933746,60.061726,-0.12797984,-0.12797984,-0.12797984,-0.12797984,-0.12797984,-0.12797984,-0.12797984,-0.12797984,-0.12797984,-0.12797984,-0.12797984,-0.12797984,-0.12797984,-0.12797984,-0.12797984,-0.12797984,-0.12797984,-0.12797984,-0.12797984,-0.12797984,-0.12797984,-0.12797984,-0.12797984,-0.12797984,-0.12797984
500,2015-09-05 00:08:20,56.734264,50.0,-0.12797984,56.862244,56.990223,57.118202,57.24618,57.37416,57.50214,57.63012,57.7581,57.886078,58.014057,58.142036,58.270016,58.397995,58.525974,58.653954,58.781933,58.909912,59.03789,59.16587,59.29385,59.42183,59.54981,59.677788,59.805767,59.933746,-0.12797984,-0.12797984,-0.12797984,-0.12797984,-0.12797984,-0.12797984,-0.12797984,-0.12797984,-0.12797984,-0.12797984,-0.12797984,-0.12797984,-0.12797984,-0.12797984,-0.12797984,-0.12797984,-0.12797984,-0.12797984,-0.12797984,-0.12797984,-0.12797984,-0.12797984,-0.12797984,-0.12797984,-0.12797984
501,2015-09-05 00:08:21,56.606285,50.0,-0.12797984,56.734264,56.862244,56.990223,57.118202,57.24618,57.37416,57.50214,57.63012,57.7581,57.886078,58.014057,58.142036,58.270016,58.397995,58.525974,58.653954,58.781933,58.909912,59.03789,59.16587,59.29385,59.42183,59.54981,59.677788,59.805767,-0.12797984,-0.12797984,-0.12797984,-0.12797984,-0.12797984,-0.12797984,-0.12797984,-0.12797984,-0.12797984,-0.12797984,-0.12797984,-0.12797984,-0.12797984,-0.12797984,-0.12797984,-0.12797984,-0.12797984,-0.12797984,-0.12797984,-0.12797984,-0.12797984,-0.12797984,-0.12797984,-0.12797984,-0.12797984
502,2015-09-05 00:08:22,56.478306,50.0,-0.12797984,56.606285,56.734264,56.862244,56.990223,57.118202,57.24618,57.37416,57.50214,57.63012,57.7581,57.886078,58.014057,58.142036,58.270016,58.397995,58.525974,58.653954,58.781933,58.909912,59.03789,59.16587,59.29385,59.42183,59.54981,59.677788,-0.12797984,-0.12797984,-0.12797984,-0.12797984,-0.12797984,-0.12797984,-0.12797984,-0.12797984,-0.12797984,-0.12797984,-0.12797984,-0.12797984,-0.12797984,-0.12797984,-0.12797984,-0.12797984,-0.12797984,-0.12797984,-0.12797984,-0.12797984,-0.12797984,-0.12797984,-0.12797984,-0.12797984,-0.12797984
503,2015-09-05 00:08:23,56.350327,50.0,-0.12797984,56.478306,56.606285,56.734264,56.862244,56.990223,57.118202,57.24618,57.37416,57.50214,57.63012,57.7581,57.886078,58.014057,58.142036,58.270016,58.397995,58.525974,58.653954,58.781933,58.909912,59.03789,59.16587,59.29385,59.42183,59.54981,-0.12797984,-0.12797984,-0.12797984,-0.12797984,-0.12797984,-0.12797984,-0.12797984,-0.12797984,-0.12797984,-0.12797984,-0.12797984,-0.12797984,-0.12797984,-0.12797984,-0.12797984,-0.12797984,-0.12797984,-0.12797984,-0.12797984,-0.12797984,-0.12797984,-0.12797984,-0.12797984,-0.12797984,-0.12797984
504,2015-09-05 00:08:24,56.222347,50.0,-0.12797984,56.350327,56.478306,56.606285,56.734264,56.862244,56.990223,57.118202,57.24618,57.37416,57.50214,57.63012,57.7581,57.886078,58.014057,58.142036,58.270016,58.397995,58.525974,58.653954,58.781933,58.909912,59.03789,59.16587,59.29385,59.42183,-0.12797984,-0.12797984,-0.12797984,-0.12797984,-0.12797984,-0.12797984,-0.12797984,-0.12797984,-0.12797984,-0.12797984,-0.12797984,-0.12797984,-0.12797984,-0.12797984,-0.12797984,-0.12797984,-0.12797984,-0.12797984,-0.12797984,-0.12797984,-0.12797984,-0.12797984,-0.12797984,-0.12797984,-0.12797984
505,2015-09-05 00:08:25,56.094368,50.0,-0.12797984,56.222347,56.350327,56.478306,56.606285,56.734264,56.862244,56.990223,57.118202,57.24618,57.37416,57.50214,57.63012,57.7581,57.886078,58.014057,58.142036,58.270016,58.397995,58.525974,58.653954,58.781933,58.909912,59.03789,59.16587,59.29385,-0.12797984,-0.12797984,-0.12797984,-0.12797984,-0.12797984,-0.12797984,-0.12797984,-0.12797984,-0.12797984,-0.12797984,-0.12797984,-0.12797984,-0.12797984,-0.12797984,-0.12797984,-0.12797984,-0.12797984,-0.12797984,-0.12797984,-0.12797984,-0.12797984,-0.12797984,-0.12797984,-0.12797984,-0.12797984
506,2015-09-05 00:08:26,55.96639,50.0,-0.12797984,56.094368,56.222347,56.350327,56.478306,56.606285,56.734264,56.862244,56.990223,57.118202,57.24618,57.37416,57.50214,57.63012,57.7581,57.886078,58.014057,58.142036,58.270016,58.397995,58.525974,58.653954,58.781933,58.909912,59.03789,59.16587,-0.12797984,-0.12797984,-0.12797984,-0.12797984,-0.12797984,-0.12797984,-0.12797984,-0.12797984,-0.12797984,-0.12797984,-0.12797984,-0.12797984,-0.12797984,-0.12797984,-0.12797984,-0.12797984,-0.12797984,-0.12797984,-0.12797984,-0.12797984,-0.12797984,-0.12797984,-0.12797984,-0.12797984,-0.12797984
507,2015-09-05 00:08:27,55.83841,50.0,-0.12797984,55.96639,56.094368,56.222347,56.350327,56.478306,56.606285,56.734264,56.862244,56.990223,57.118202,57.24618,57.37416,57.50214,57.63012,57.7581,57.886078,58.014057,58.142036,58.270016,58.397995,58.525974,58.653954,58.781933,58.909912,59.03789,-0.12797984,-0.12797984,-0.12797984,-0.12797984,-0.12797984,-0.12797984,-0.12797984,-0.12797984,-0.12797984,-0.12797984,-0.12797984,-0.12797984,-0.12797984,-0.12797984,-0.12797984,-0.12797984,-0.12797984,-0.12797984,-0.12797984,-0.12797984,-0.12797984,-0.12797984,-0.12797984,-0.12797984,-0.12797984
508,2015-09-05 00:08:28,55.71043,50.0,-0.12797984,55.83841,55.96639,56.094368,56.222347,56.350327,56.478306,56.606285,56.734264,56.862244,56.990223,57.118202,57.24618,57.37416,57.50214,57.63012,57.7581,57.886078,58.014057,58.142036,58.270016,58.397995,58.525974,58.653954,58.781933,58.909912,-0.12797984,-0.12797984,-0.12797984,-0.12797984,-0.12797984,-0.12797984,-0.12797984,-0.12797984,-0.12797984,-0.12797984,-0.12797984,-0.12797984,-0.12797984,-0.12797984,-0.12797984,-0.12797984,-0.12797984,-0.12797984,-0.12797984,-0.12797984,-0.12797984,-0.12797984,-0.12797984,-0.12797984,-0.12797984
509,2015-09-05 00:08:29,55.58245,50.0,-0.12797984,55.71043,55.83841,55.96639,56.094368,56.222347,56.350327,56.478306,56.606285,56.734264,56.862244,56.990223,57.118202,57.24618,57.37416,57.50214,57.63012,57.7581,57.886078,58.014057,58.142036,58.270016,58.397995,58.525974,58.653954,58.781933,-0.12797984,-0.12797984,-0.12797984,-0.12797984,-0.12797984,-0.12797984,-0.12797984,-0.12797984,-0.12797984,-0.12797984,-0.12797984,-0.12797984,-0.12797984,-0.12797984,-0.12797984,-0.12797984,-0.12797984,-0.12797984,-0.12797984,-0.12797984,-0.12797984,-0.12797984,-0.12797984,-0.12797984,-0.12797984
510,2015-09-05 00:08:30,55.45447,50.0,-0.12797984,55.58245,55.71043,55.83841,55.96639,56.094368,56.222347,56.350327,56.478306,56.606285,56.734264,56.862244,56.990223,57.118202,57.24618,57.37416,57.50214,57.63012,57.7581,57.886078,58.014057,58.142036,58.270016,58.397995,58.525974,58.653954,-0.12797984,-0.12797984,-0.12797984,-0.12797984,-0.12797984,-0.12797984,-0.12797984,-0.12797984,-0.12797984,-0.12797984,-0.12797984,-0.12797984,-0.12797984,-0.12797984,-0.12797984,-0.12797984,-0.12797984,-0.12797984,-0.12797984,-0.12797984,-0.12797984,-0.12797984,-0.12797984,-0.12797984,-0.12797984
511,2015-09-05 00:08:31,55.326492,50.0,-0.12797984,55.45447,55.58245,55.71043,55.83841,55.96639,56.094368,56.222347,56.350327,56.478306,56.606285,56.734264,56.862244,56.990223,57.118202,57.24618,57.37416,57.50214,57.63012,57.7581,57.886078,58.014057,58.142036,58.270016,58.397995,58.525974,-0.12797984,-0.12797984,-0.12797984,-0.12797984,-0.12797984,-0.12797984,-0.12797984,-0.12797984,-0.12797984,-0.12797984,-0.12797984,-0.12797984,-0.12797984,-0.12797984,-0.12797984,-0.12797984,-0.12797984,-0.12797984,-0.12797984,-0.12797984,-0.12797984,-0.12797984,-0.12797984,-0.12797984,-0.12797984
512,2015-09-05 00:08:32,55.198513,50.0,-0.12797984,55.326492,55.45447,55.58245,55.71043,55.83841,55.96639,56.094368,56.222347,56.350327,56.478306,56.606285,56.734264,56.862244,56.990223,57.118202,57.24618,57.37416,57.50214,57.63012,57.7581,57.886078,58.014057,58.142036,58.270016,58.397995,-0.12797984,-0.12797984,-0.12797984,-0.12797984,-0.12797984,-0.12797984,-0.12797984,-0.12797984,-0.12797984,-0.12797984,-0.12797984,-0.12797984,-0.12797984,-0.12797984,-0.12797984,-0.12797984,-0.12797984,-0.12797984,-0.12797984,-0.12797984,-0.12797984,-0.12797984,-0.12797984,-0.12797984,-0.12797984
513,2015-09-05 00:08:33,55.070534,50.0,-0.12797984,55.198513,55.326492,55.45447,55.58245,55.71043,55.83841,55.96639,56.094368,56.222347,56.350327,56.478306,56.606285,56.734264,56.862244,56.990223,57.118202,57.24618,57.37416,57.50214,57.63012,57.7581,57.886078,58.014057,58.142036,58.270016,-0.12797984,-0.12797984,-0.12797984,-0.12797984,-0.12797984,-0.12797984,-0.12797984,-0.12797984,-0.12797984,-0.12797984,-0.12797984,-0.12797984,-0.12797984,-0.12797984,-0.12797984,-0.12797984,-0.12797984,-0.12797984,-0.12797984,-0.12797984,-0.12797984,-0.12797984,-0.12797984,-0.12797984,-0.12797984
514,2015-09-05 00:08:34,54.942554,50.0,-0.12797984,55.070534,55.198513,55.326492,55.45447,55.58245,55.71043,55.83841,55.96639,56.094368,56.222347,56.350327,56.478306,56.606285,56.734264,56.862244,56.990223,57.118202,57.24618,57.37416,57.50214,57.63012,57.7581,57.886078,58.014057,58.142036,-0.12797984,-0.12797984,-0.12797984,-0.12797984,-0.12797984,-0.12797984,-0.12797984,-0.12797984,-0.12797984,-0.12797984,-0.12797984,-0.12797984,-0.12797984,-0.12797984,-0.12797984,-0.12797984,-0.12797984,-0.12797984,-0.12797984,-0.12797984,-0.12797984,-0.12797984,-0.12797984,-0.12797984,-0.12797984
515,2015-09-05 00:08:35,54.814575,50.0,-0.12797984,54.942554,55.070534,55.198513,55.326492,55.45447,55.58245,55.71043,55.83841,55.96639,56.094368,56.222347,56.350327,56.478306,56.606285,56.734264,56.862244,56.990223,57.118202,57.24618,57.37416,57.50214,57.63012,57.7581,57.886078,58.014057,-0.12797984,-0.12797984,-0.12797984,-0.12797984,-0.12797984,-0.12797984,-0.12797984,-0.12797984,-0.12797984,-0.12797984,-0.12797984,-0.12797984,-0.12797984,-0.12797984,-0.12797984,-0.12797984,-0.12797984,-0.12797984,-0.12797984,-0.12797984,-0.12797984,-0.12797984,-0.12797984,-0.12797984,-0.12797984
516,2015-09-05 00:08:36,54.686596,50.0,-0.12797984,54.814575,54.942554,55.070534,55.198513,55.326492,55.45447,55.58245,55.71043,55.83841,55.96639,56.094368,56.222347,56.350327,56.478306,56.606285,56.734264,56.862244,56.990223,57.118202,57.24618,57.37416,57.50214,57.63012,57.7581,57.886078,-0.12797984,-0.12797984,-0.12797984,-0.12797984,-0.12797984,-0.12797984,-0.12797984,-0.12797984,-0.12797984,-0.12797984,-0.12797984,-0.12797984,-0.12797984,-0.12797984,-0.12797984,-0.12797984,-0.12797984,-0.12797984,-0.12797984,-0.12797984,-0.12797984,-0.12797984,-0.12797984,-0.12797984,-0.12797984
517,2015-09-05 00:08:37,54.558617,50.0,-0.12797984,54.686596,54.814575,54.942554,55.070534,55.198513,55.326492,55.45447,55.58245,55.71043,55.83841,55.96639,56.094368,56.222347,56.350327,56.478306,56.606285,56.734264,56.862244,56.990223,57.118202,57.24618,57.37416,57.50214,57.63012,57.7581,-0.12797984,-0.12797984,-0.12797984,-0.12797984,-0.12797984,-0.12797984,-0.12797984,-0.12797984,-0.12797984,-0.12797984,-0.12797984,-0.12797984,-0.12797984,-0.12797984,-0.12797984,-0.12797984,-0.12797984,-0.12797984,-0.12797984,-0.12797984,-0.12797984,-0.12797984,-0.12797984,-0.12797984,-0.12797984
518,2015-09-05 00:08:38,54.430637,50.0,-0.12797984,54.558617,54.686596,54.814575,54.942554,55.070534,55.198513,55.326492,55.45447,55.58245,55.71043,55.83841,55.96639,56.094368,56.222347,56.350327,56.478306,56.606285,56.734264,56.862244,56.990223,57.118202,57.24618,57.37416,57.50214,57.63012,-0.12797984,-0.12797984,-0.12797984,-0.12797984,-0.12797984,-0.12797984,-0.12797984,-0.12797984,-0.12797984,-0.12797984,-0.12797984,-0.12797984,-0.12797984,-0.12797984,-0.12797984,-0.12797984,-0.12797984,-0.12797984,-0.12797984,-0.12797984,-0.12797984,-0.12797984,-0.12797984,-0.12797984,-0.12797984
519,2015-09-05 00:08:39,54.302658,50.0,-0.12797984,54.430637,54.558617,54.686596,54.814575,54.942554,55.070534,55.198513,55.326492,55.45447,55.58245,55.71043,55.83841,55.96639,56.094368,56.222347,56.350327,56.478306,56.606285,56.734264,56.862244,56.990223,57.118202,57.24618,57.37416,57.50214,-0.12797984,-0.12797984,-0.12797984,-0.12797984,-0.12797984,-0.12797984,-0.12797984,-0.12797984,-0.12797984,-0.12797984,-0.12797984,-0.12797984,-0.12797984,-0.12797984,-0.12797984,-0.12797984,-0.12797984,-0.12797984,-0.12797984,-0.12797984,-0.12797984,-0.12797984,-0.12797984,-0.12797984,-0.12797984
520,2015-09-05 00:08:40,54.17468,50.0,-0.12797984,54.302658,54.430637,54.558617,54.686596,54.814575,54.942554,55.070534,55.198513,55.326492,55.45447,55.58245,55.71043,55.83841,55.96639,56.094368,56.222347,56.350327,56.478306,56.606285,56.734264,56.862244,56.990223,57.118202,57.24618,57.37416,-0.12797984,-0.12797984,-0.12797984,-0.12797984,-0.12797984,-0.12797984,-0.12797984,-0.12797984,-0.12797984,-0.12797984,-0.12797984,-0.12797984,-0.12797984,-0.12797984,-0.12797984,-0.12797984,-0.12797984,-0.12797984,-0.12797984,-0.12797984,-0.12797984,-0.12797984,-0.12797984,-0.12797984,-0.12797984
521,2015-09-05 00:08:41,54.0467,50.0,-0.12797984,54.17468,54.302658,54.430637,54.558617,54.686596,54.814575,54.942554,55.070534,55.198513,55.326492,55.45447,55.58245,55.71043,55.83841,55.96639,56.094368,56.222347,56.350327,56.478306,56.606285,56.734264,56.862244,56.990223,57.118202,57.24618,-0.12797984,-0.12797984,-0.12797984,-0.12797984,-0.12797984,-0.12797984,-0.12797984,-0.12797984,-0.12797984,-0.12797984,-0.12797984,-0.12797984,-0.12797984,-0.12797984,-0.12797984,-0.12797984,-0.12797984,-0.12797984,-0.12797984,-0.12797984,-0.12797984,-0.12797984,-0.12797984,-0.12797984,-0.12797984
522,2015-09-05 00:08:42,53.91872,50.0,-0.12797984,54.0467,54.17468,54.302658,54.430637,54.558617,54.686596,54.814575,54.942554,55.070534,55.198513,55.326492,55.45447,55.58245,55.71043,55.83841,55.96639,56.094368,56.222347,56.350327,56.478306,56.606285,56.734264,56.862244,56.990223,57.118202,-0.12797984,-0.12797984,-0.12797984,-0.12797984,-0.12797984,-0.12797984,-0.12797984,-0.12797984,-0.12797984,-0.12797984,-0.12797984,-0.12797984,-0.12797984,-0.12797984,-0.12797984,-0.12797984,-0.12797984,-0.12797984,-0.12797984,-0.12797984,-0.12797984,-0.12797984,-0.12797984,-0.12797984,-0.12797984
523,2015-09-05 00:08:43,53.79074,50.0,-0.12797984,53.91872,54.0467,54.17468,54.302658,54.430637,54.558617,54.686596,54.814575,54.942554,55.070534,55.198513,55.326492,55.45447,55.58245,55.71043,55.83841,55.96639,56.094368,56.222347,56.350327,56.478306,56.606285,56.734264,56.862244,56.990223,-0.12797984,-0.12797984,-0.12797984,-0.12797984,-0.12797984,-0.12797984,-0.12797984,-0.12797984,-0.12797984,-0.12797984,-0.12797984,-0.12797984,-0.12797984,-0.12797984,-0.12797984,-0.12797984,-0.12797984,-0.12797984,-0.12797984,-0.12797984,-0.12797984,-0.12797984,-0.12797984,-0.12797984,-0.12797984
524,2015-09-05 00:08:44,53.66276,50.0,-0.12797984,53.79074,53.91872,54.0467,54.17468,54.302658,54.430637,54.558617,54.686596,54.814575,54.942554,55.070534,55.198513,55.326492,55.45447,55.58245,55.71043,55.83841,55.96639,56.094368,56.222347,56.350327,56.478306,56.606285,56.734264,56.862244,-0.12797984,-0.12797984,-0.12797984,-0.12797984,-0.12797984,-0.12797984,-0.12797984,-0.12797984,-0.12797984,-0.12797984,-0.12797984,-0.12797984,-0.12797984,-0.12797984,-0.12797984,-0.12797984,-0.12797984,-0.12797984,-0.12797984,-0.12797984,-0.12797984,-0.12797984,-0.12797984,-0.12797984,-0.12797984
525,2015-09-05 00:08:45,53.534782,50.0,-0.12797984,53.66276,53.79074,53.91872,54.0467,54.17468,54.302658,54.430637,54.558617,54.686596,54.814575,54.942554,55.070534,55.198513,55.326492,55.45447,55.58245,55.71043,55.83841,55.96639,56.094368,56.222347,56.350327,56.478306,56.606285,56.734264,-0.12797984,-0.12797984,-0.12797984,-0.12797984,-0.12797984,-0.12797984,-0.12797984,-0.12797984,-0.12797984,-0.12797984,-0.12797984,-0.12797984,-0.12797984,-0.12797984,-0.12797984,-0.12797984,-0.12797984,-0.12797984,-0.12797984,-0.12797984,-0.12797984,-0.12797984,-0.12797984,-0.12797984,-0.12797984
526,2015-09-05 00:08:46,53.406803,50.0,-0.12797984,53.534782,53.66276,53.79074,53.91872,54.0467,54.17468,54.302658,54.430637,54.558617,54.686596,54.814575,54.942554,55.070534,55.198513,55.326492,55.45447,55.58245,55.71043,55.83841,55.96639,56.094368,56.222347,56.350327,56.478306,56.606285,-0.12797984,-0.12797984,-0.12797984,-0.12797984,-0.12797984,-0.12797984,-0.12797984,-0.12797984,-0.12797984,-0.12797984,-0.12797984,-0.12797984,-0.12797984,-0.12797984,-0.12797984,-0.12797984,-0.12797984,-0.12797984,-0.12797984,-0.12797984,-0.12797984,-0.12797984,-0.12797984,-0.12797984,-0.12797984
527,2015-09-05 00:08:47,53.278824,50.0,-0.12797984,53.406803,53.534782,53.66276,53.79074,53.91872,54.0467,54.17468,54.302658,54.430637,54.558617,54.686596,54.814575,54.942554,55.070534,55.198513,55.326492,55.45447,55.58245,55.71043,55.83841,55.96639,56.094368,56.222347,56.350327,56.478306,-0.12797984,-0.12797984,-0.12797984,-0.12797984,-0.12797984,-0.12797984,-0.12797984,-0.12797984,-0.12797984,-0.12797984,-0.12797984,-0.12797984,-0.12797984,-0.12797984,-0.12797984,-0.12797984,-0.12797984,-0.12797984,-0.12797984,-0.12797984,-0.12797984,-0.12797984,-0.12797984,-0.12797984,-0.12797984
528,2015-09-05 00:08:48,53.150845,50.0,-0.12797984,53.278824,53.406803,53.534782,53.66276,53.79074,53.91872,54.0467,54.17468,54.302658,54.430637,54.558617,54.686596,54.814575,54.942554,55.070534,55.198513,55.326492,55.45447,55.58245,55.71043,55.83841,55.96639,56.094368,56.222347,56.350327,-0.12797984,-0.12797984,-0.12797984,-0.12797984,-0.12797984,-0.12797984,-0.12797984,-0.12797984,-0.12797984,-0.12797984,-0.12797984,-0.12797984,-0.12797984,-0.12797984,-0.12797984,-0.12797984,-0.12797984,-0.12797984,-0.12797984,-0.12797984,-0.12797984,-0.12797984,-0.12797984,-0.12797984,-0.12797984
529,2015-09-05 00:08:49,53.022865,50.0,-0.12797984,53.150845,53.278824,53.406803,53.534782,53.66276,53.79074,53.91872,54.0467,54.17468,54.302658,54.430637,54.558617,54.686596,54.814575,54.942554,55.070534,55.198513,55.326492,55.45447,55.58245,55.71043,55.83841,55.96639,56.094368,56.222347,-0.12797984,-0.12797984,-0.12797984,-0.12797984,-0.12797984,-0.12797984,-0.12797984,-0.12797984,-0.12797984,-0.12797984,-0.12797984,-0.12797984,-0.12797984,-0.12797984,-0.12797984,-0.12797984,-0.12797984,-0.12797984,-0.12797984,-0.12797984,-0.12797984,-0.12797984,-0.12797984,-0.12797984,-0.12797984
530,2015-09-05 00:08:50,52.894886,50.0,-0.12797984,53.022865,53.150845,53.278824,53.406803,53.534782,53.66276,53.79074,53.91872,54.0467,54.17468,54.302658,54.430637,54.558617,54.686596,54.814575,54.942554,55.070534,55.198513,55.326492,55.45447,55.58245,55.71043,55.83841,55.96639,56.094368,-0.12797984,-0.12797984,-0.12797984,-0.12797984,-0.12797984,-0.12797984,-0.12797984,-0.12797984,-0.12797984,-0.12797984,-0.12797984,-0.12797984,-0.12797984,-0.12797984,-0.12797984,-0.12797984,-0.12797984,-0.12797984,-0.12797984,-0.12797984,-0.12797984,-0.12797984,-0.12797984,-0.12797984,-0.12797984
531,2015-09-05 00:08:51,52.766907,50.0,-0.12797984,52.894886,53.022865,53.150845,53.278824,53.406803,53.534782,53.66276,53.79074,53.91872,54.0467,54.17468,54.302658,54.430637,54.558617,54.686596,54.814575,54.942554,55.070534,55.198513,55.326492,55.45447,55.58245,55.71043,55.83841,55.96639,-0.12797984,-0.12797984,-0.12797984,-0.12797984,-0.12797984,-0.12797984,-0.12797984,-0.12797984,-0.12797984,-0.12797984,-0.12797984,-0.12797984,-0.12797984,-0.12797984,-0.12797984,-0.12797984,-0.12797984,-0.12797984,-0.12797984,-0.12797984,-0.12797984,-0.12797984,-0.12797984,-0.12797984,-0.12797984
532,2015-09-05 00:08:52,52.638927,50.0,-0.12797984,52.766907,52.894886,53.022865,53.150845,53.278824,53.406803,53.534782,53.66276,53.79074,53.91872,54.0467,54.17468,54.302658,54.430637,54.558617,54.686596,54.814575,54.942554,55.070534,55.198513,55.326492,55.45447,55.58245,55.71043,55.83841,-0.12797984,-0.12797984,-0.12797984,-0.12797984,-0.12797984,-0.12797984,-0.12797984,-0.12797984,-0.12797984,-0.12797984,-0.12797984,-0.12797984,-0.12797984,-0.12797984,-0.12797984,-0.12797984,-0.12797984,-0.12797984,-0.12797984,-0.12797984,-0.12797984,-0.12797984,-0.12797984,-0.12797984,-0.12797984
533,2015-09-05 00:08:53,52.51095,50.0,-0.12797984,52.638927,52.766907,52.894886,53.022865,53.150845,53.278824,53.406803,53.534782,53.66276,53.79074,53.91872,54.0467,54.17468,54.302658,54.430637,54.558617,54.686596,54.814575,54.942554,55.070534,55.198513,55.326492,55.45447,55.58245,55.71043,-0.12797984,-0.12797984,-0.12797984,-0.12797984,-0.12797984,-0.12797984,-0.12797984,-0.12797984,-0.12797984,-0.12797984,-0.12797984,-0.12797984,-0.12797984,-0.12797984,-0.12797984,-0.12797984,-0.12797984,-0.12797984,-0.12797984,-0.12797984,-0.12797984,-0.12797984,-0.12797984,-0.12797984,-0.12797984
534,2015-09-05 00:08:54,52.38297,50.0,-0.12797984,52.51095,52.638927,52.766907,52.894886,53.022865,53.150845,53.278824,53.406803,53.534782,53.66276,53.79074,53.91872,54.0467,54.17468,54.302658,54.430637,54.558617,54.686596,54.814575,54.942554,55.070534,55.198513,55.326492,55.45447,55.58245,-0.12797984,-0.12797984,-0.12797984,-0.12797984,-0.12797984,-0.12797984,-0.12797984,-0.12797984,-0.12797984,-0.12797984,-0.12797984,-0.12797984,-0.12797984,-0.12797984,-0.12797984,-0.12797984,-0.12797984,-0.12797984,-0.12797984,-0.12797984,-0.12797984,-0.12797984,-0.12797984,-0.12797984,-0.12797984
535,2015-09-05 00:08:55,52.25499,50.0,-0.12797984,52.38297,52.51095,52.638927,52.766907,52.894886,53.022865,53.150845,53.278824,53.406803,53.534782,53.66276,53.79074,53.91872,54.0467,54.17468,54.302658,54.430637,54.558617,54.686596,54.814575,54.942554,55.070534,55.198513,55.326492,55.45447,-0.12797984,-0.12797984,-0.12797984,-0.12797984,-0.12797984,-0.12797984,-0.12797984,-0.12797984,-0.12797984,-0.12797984,-0.12797984,-0.12797984,-0.12797984,-0.12797984,-0.12797984,-0.12797984,-0.12797984,-0.12797984,-0.12797984,-0.12797984,-0.12797984,-0.12797984,-0.12797984,-0.12797984,-0.12797984
536,2015-09-05 00:08:56,52.12701,50.0,-0.12797984,52.25499,52.38297,52.51095,52.638927,52.766907,52.894886,53.022865,53.150845,53.278824,53.406803,53.534782,53.66276,53.79074,53.91872,54.0467,54.17468,54.302658,54.430637,54.558617,54.686596,54.814575,54.942554,55.070534,55.198513,55.326492,-0.12797984,-0.12797984,-0.12797984,-0.12797984,-0.12797984,-0.12797984,-0.12797984,-0.12797984,-0.12797984,-0.12797984,-0.12797984,-0.12797984,-0.12797984,-0.12797984,-0.12797984,-0.12797984,-0.12797984,-0.12797984,-0.12797984,-0.12797984,-0.12797984,-0.12797984,-0.12797984,-0.12797984,-0.12797984
537,2015-09-05 00:08:57,51.99903,50.0,-0.12797984,52.12701,52.25499,52.38297,52.51095,52.638927,52.766907,52.894886,53.022865,53.150845,53.278824,53.406803,53.534782,53.66276,53.79074,53.91872,54.0467,54.17468,54.302658,54.430637,54.558617,54.686596,54.814575,54.942554,55.070534,55.198513,-0.12797984,-0.12797984,-0.12797984,-0.12797984,-0.12797984,-0.12797984,-0.12797984,-0.12797984,-0.12797984,-0.12797984,-0.12797984,-0.12797984,-0.12797984,-0.12797984,-0.12797984,-0.12797984,-0.12797984,-0.12797984,-0.12797984,-0.12797984,-0.12797984,-0.12797984,-0.12797984,-0.12797984,-0.12797984
538,2015-09-05 00:08:58,51.87105,50.0,-0.12797984,51.99903,52.12701,52.25499,52.38297,52.51095,52.638927,52.766907,52.894886,53.022865,53.150845,53.278824,53.406803,53.534782,53.66276,53.79074,53.91872,54.0467,54.17468,54.302658,54.430637,54.558617,54.686596,54.814575,54.942554,55.070534,-0.12797984,-0.12797984,-0.12797984,-0.12797984,-0.12797984,-0.12797984,-0.12797984,-0.12797984,-0.12797984,-0.12797984,-0.12797984,-0.12797984,-0.12797984,-0.12797984,-0.12797984,-0.12797984,-0.12797984,-0.12797984,-0.12797984,-0.12797984,-0.12797984,-0.12797984,-0.12797984,-0.12797984,-0.12797984
539,2015-09-05 00:08:59,51.743073,50.0,-0.12797984,51.87105,51.99903,52.12701,52.25499,52.38297,52.51095,52.638927,52.766907,52.894886,53.022865,53.150845,53.278824,53.406803,53.534782,53.66276,53.79074,53.91872,54.0467,54.17468,54.302658,54.430637,54.558617,54.686596,54.814575,54.942554,-0.12797984,-0.12797984,-0.12797984,-0.12797984,-0.12797984,-0.12797984,-0.12797984,-0.12797984,-0.12797984,-0.12797984,-0.12797984,-0.12797984,-0.12797984,-0.12797984,-0.12797984,-0.12797984,-0.12797984,-0.12797984,-0.12797984,-0.12797984,-0.12797984,-0.12797984,-0.12797984,-0.12797984,-0.12797984
540,2015-09-05 00:09:00,51.615093,50.0,-0.12797984,51.743073,51.87105,51.99903,52.12701,52.25499,52.38297,52.51095,52.638927,52.766907,52.894886,53.022865,53.150845,53.278824,53.406803,53.534782,53.66276,53.79074,53.91872,54.0467,54.17468,54.302658,54.430637,54.558617,54.686596,54.814575,-0.12797984,-0.12797984,-0.12797984,-0.12797984,-0.12797984,-0.12797984,-0.12797984,-0.12797984,-0.12797984,-0.12797984,-0.12797984,-0.12797984,-0.12797984,-0.12797984,-0.12797984,-0.12797984,-0.12797984,-0.12797984,-0.12797984,-0.12797984,-0.12797984,-0.12797984,-0.12797984,-0.12797984,-0.12797984
541,2015-09-05 00:09:01,51.487114,50.0,-0.12797984,51.615093,51.743073,51.87105,51.99903,52.12701,52.25499,52.38297,52.51095,52.638927,52.766907,52.894886,53.022865,53.150845,53.278824,53.406803,53.534782,53.66276,53.79074,53.91872,54.0467,54.17468,54.302658,54.430637,54.558617,54.686596,-0.12797984,-0.12797984,-0.12797984,-0.12797984,-0.12797984,-0.12797984,-0.12797984,-0.12797984,-0.12797984,-0.12797984,-0.12797984,-0.12797984,-0.12797984,-0.12797984,-0.12797984,-0.12797984,-0.12797984,-0.12797984,-0.12797984,-0.12797984,-0.12797984,-0.12797984,-0.12797984,-0.12797984,-0.12797984
542,2015-09-05 00:09:02,51.359135,50.0,-0.12797984,51.487114,51.615093,51.743073,51.87105,51.99903,52.12701,52.25499,52.38297,52.51095,52.638927,52.766907,52.894886,53.022865,53.150845,53.278824,53.406803,53.534782,53.66276,53.79074,53.91872,54.0467,54.17468,54.302658,54.430637,54.558617,-0.12797984,-0.12797984,-0.12797984,-0.12797984,-0.12797984,-0.12797984,-0.12797984,-0.12797984,-0.12797984,-0.12797984,-0.12797984,-0.12797984,-0.12797984,-0.12797984,-0.12797984,-0.12797984,-0.12797984,-0.12797984,-0.12797984,-0.12797984,-0.12797984,-0.12797984,-0.12797984,-0.12797984,-0.12797984
543,2015-09-05 00:09:03,51.231155,50.0,-0.12797984,51.359135,51.487114,51.615093,51.743073,51.87105,51.99903,52.12701,52.25499,52.38297,52.51095,52.638927,52.766907,52.894886,53.022865,53.150845,53.278824,53.406803,53.534782,53.66276,53.79074,53.91872,54.0467,54.17468,54.302658,54.430637,-0.12797984,-0.12797984,-0.12797984,-0.12797984,-0.12797984,-0.12797984,-0.12797984,-0.12797984,-0.12797984,-0.12797984,-0.12797984,-0.12797984,-0.12797984,-0.12797984,-0.12797984,-0.12797984,-0.12797984,-0.12797984,-0.12797984,-0.12797984,-0.12797984,-0.12797984,-0.12797984,-0.12797984,-0.12797984
544,2015-09-05 00:09:04,51.103176,50.0,-0.12797984,51.231155,51.359135,51.487114,51.615093,51.743073,51.87105,51.99903,52.12701,52.25499,52.38297,52.51095,52.638927,52.766907,52.894886,53.022865,53.150845,53.278824,53.406803,53.534782,53.66276,53.79074,53.91872,54.0467,54.17468,54.302658,-0.12797984,-0.12797984,-0.12797984,-0.12797984,-0.12797984,-0.12797984,-0.12797984,-0.12797984,-0.12797984,-0.12797984,-0.12797984,-0.12797984,-0.12797984,-0.12797984,-0.12797984,-0.12797984,-0.12797984,-0.12797984,-0.12797984,-0.12797984,-0.12797984,-0.12797984,-0.12797984,-0.12797984,-0.12797984
545,2015-09-05 00:09:05,50.975197,50.0,-0.12797984,51.103176,51.231155,51.359135,51.487114,51.615093,51.743073,51.87105,51.99903,52.12701,52.25499,52.38297,52.51095,52.638927,52.766907,52.894886,53.022865,53.150845,53.278824,53.406803,53.534782,53.66276,53.79074,53.91872,54.0467,54.17468,-0.12797984,-0.12797984,-0.12797984,-0.12797984,-0.12797984,-0.12797984,-0.12797984,-0.12797984,-0.12797984,-0.12797984,-0.12797984,-0.12797984,-0.12797984,-0.12797984,-0.12797984,-0.12797984,-0.12797984,-0.12797984,-0.12797984,-0.12797984,-0.12797984,-0.12797984,-0.12797984,-0.12797984,-0.12797984
546,2015-09-05 00:09:06,50.847218,50.0,-0.12797984,50.975197,51.103176,51.231155,51.359135,51.487114,51.615093,51.743073,51.87105,51.99903,52.12701,52.25499,52.38297,52.51095,52.638927,52.766907,52.894886,53.022865,53.150845,53.278824,53.406803,53.534782,53.66276,53.79074,53.91872,54.0467,-0.12797984,-0.12797984,-0.12797984,-0.12797984,-0.12797984,-0.12797984,-0.12797984,-0.12797984,-0.12797984,-0.12797984,-0.12797984,-0.12797984,-0.12797984,-0.12797984,-0.12797984,-0.12797984,-0.12797984,-0.12797984,-0.12797984,-0.12797984,-0.12797984,-0.12797984,-0.12797984,-0.12797984,-0.12797984
547,2015-09-05 00:09:07,50.71924,50.0,-0.12797984,50.847218,50.975197,51.103176,51.231155,51.359135,51.487114,51.615093,51.743073,51.87105,51.99903,52.12701,52.25499,52.38297,52.51095,52.638927,52.766907,52.894886,53.022865,53.150845,53.278824,53.406803,53.534782,53.66276,53.79074,53.91872,-0.12797984,-0.12797984,-0.12797984,-0.12797984,-0.12797984,-0.12797984,-0.12797984,-0.12797984,-0.12797984,-0.12797984,-0.12797984,-0.12797984,-0.12797984,-0.12797984,-0.12797984,-0.12797984,-0.12797984,-0.12797984,-0.12797984,-0.12797984,-0.12797984,-0.12797984,-0.12797984,-0.12797984,-0.12797984
548,2015-09-05 00:09:08,50.59126,50.0,-0.12797984,50.71924,50.847218,50.975197,51.103176,51.231155,51.359135,51.487114,51.615093,51.743073,51.87105,51.99903,52.12701,52.25499,52.38297,52.51095,52.638927,52.766907,52.894886,53.022865,53.150845,53.278824,53.406803,53.534782,53.66276,53.79074,-0.12797984,-0.12797984,-0.12797984,-0.12797984,-0.12797984,-0.12797984,-0.12797984,-0.12797984,-0.12797984,-0.12797984,-0.12797984,-0.12797984,-0.12797984,-0.12797984,-0.12797984,-0.12797984,-0.12797984,-0.12797984,-0.12797984,-0.12797984,-0.12797984,-0.12797984,-0.12797984,-0.12797984,-0.12797984
549,2015-09-05 00:09:09,50.46328,50.0,-0.12797984,50.59126,50.71924,50.847218,50.975197,51.103176,51.231155,51.359135,51.487114,51.615093,51.743073,51.87105,51.99903,52.12701,52.25499,52.38297,52.51095,52.638927,52.766907,52.894886,53.022865,53.150845,53.278824,53.406803,53.534782,53.66276,-0.12797984,-0.12797984,-0.12797984,-0.12797984,-0.12797984,-0.12797984,-0.12797984,-0.12797984,-0.12797984,-0.12797984,-0.12797984,-0.12797984,-0.12797984,-0.12797984,-0.12797984,-0.12797984,-0.12797984,-0.12797984,-0.12797984,-0.12797984,-0.12797984,-0.12797984,-0.12797984,-0.12797984,-0.12797984
550,2015-09-05 00:09:10,50.3353,50.0,-0.12797984,50.46328,50.59126,50.71924,50.847218,50.975197,51.103176,51.231155,51.359135,51.487114,51.615093,51.743073,51.87105,51.99903,52.12701,52.25499,52.38297,52.51095,52.638927,52.766907,52.894886,53.022865,53.150845,53.278824,53.406803,53.534782,-0.12797984,-0.12797984,-0.12797984,-0.12797984,-0.12797984,-0.12797984,-0.12797984,-0.12797984,-0.12797984,-0.12797984,-0.12797984,-0.12797984,-0.12797984,-0.12797984,-0.12797984,-0.12797984,-0.12797984,-0.12797984,-0.12797984,-0.12797984,-0.12797984,-0.12797984,-0.12797984,-0.12797984,-0.12797984
551,2015-09-05 00:09:11,50.20732,50.0,-0.12797984,50.3353,50.46328,50.59126,50.71924,50.847218,50.975197,51.103176,51.231155,51.359135,51.487114,51.615093,51.743073,51.87105,51.99903,52.12701,52.25499,52.38297,52.51095,52.638927,52.766907,52.894886,53.022865,53.150845,53.278824,53.406803,-0.12797984,-0.12797984,-0.12797984,-0.12797984,-0.12797984,-0.12797984,-0.12797984,-0.12797984,-0.12797984,-0.12797984,-0.12797984,-0.12797984,-0.12797984,-0.12797984,-0.12797984,-0.12797984,-0.12797984,-0.12797984,-0.12797984,-0.12797984,-0.12797984,-0.12797984,-0.12797984,-0.12797984,-0.12797984
552,2015-09-05 00:09:12,50.07934,50.0,-0.12797984,50.20732,50.3353,50.46328,50.59126,50.71924,50.847218,50.975197,51.103176,51.231155,51.359135,51.487114,51.615093,51.743073,51.87105,51.99903,52.12701,52.25499,52.38297,52.51095,52.638927,52.766907,52.894886,53.022865,53.150845,53.278824,-0.12797984,-0.12797984,-0.12797984,-0.12797984,-0.12797984,-0.12797984,-0.12797984,-0.12797984,-0.12797984,-0.12797984,-0.12797984,-0.12797984,-0.12797984,-0.12797984,-0.12797984,-0.12797984,-0.12797984,-0.12797984,-0.12797984,-0.12797984,-0.12797984,-0.12797984,-0.12797984,-0.12797984,-0.12797984
553,2015-09-05 00:09:13,49.951363,50.0,-0.12797984,50.07934,50.20732,50.3353,50.46328,50.59126,50.71924,50.847218,50.975197,51.103176,51.231155,51.359135,51.487114,51.615093,51.743073,51.87105,51.99903,52.12701,52.25499,52.38297,52.51095,52.638927,52.766907,52.894886,53.022865,53.150845,-0.12797984,-0.12797984,-0.12797984,-0.12797984,-0.12797984,-0.12797984,-0.12797984,-0.12797984,-0.12797984,-0.12797984,-0.12797984,-0.12797984,-0.12797984,-0.12797984,-0.12797984,-0.12797984,-0.12797984,-0.12797984,-0.12797984,-0.12797984,-0.12797984,-0.12797984,-0.12797984,-0.12797984,-0.12797984
554,2015-09-05 00:09:14,49.823383,50.0,-0.12797984,49.951363,50.07934,50.20732,50.3353,50.46328,50.59126,50.71924,50.847218,50.975197,51.103176,51.231155,51.359135,51.487114,51.615093,51.743073,51.87105,51.99903,52.12701,52.25499,52.38297,52.51095,52.638927,52.766907,52.894886,53.022865,-0.12797984,-0.12797984,-0.12797984,-0.12797984,-0.12797984,-0.12797984,-0.12797984,-0.12797984,-0.12797984,-0.12797984,-0.12797984,-0.12797984,-0.12797984,-0.12797984,-0.12797984,-0.12797984,-0.12797984,-0.12797984,-0.12797984,-0.12797984,-0.12797984,-0.12797984,-0.12797984,-0.12797984,-0.12797984
555,2015-09-05 00:09:15,49.695404,50.0,-0.12797984,49.823383,49.951363,50.07934,50.20732,50.3353,50.46328,50.59126,50.71924,50.847218,50.975197,51.103176,51.231155,51.359135,51.487114,51.615093,51.743073,51.87105,51.99903,52.12701,52.25499,52.38297,52.51095,52.638927,52.766907,52.894886,-0.12797984,-0.12797984,-0.12797984,-0.12797984,-0.12797984,-0.12797984,-0.12797984,-0.12797984,-0.12797984,-0.12797984,-0.12797984,-0.12797984,-0.12797984,-0.12797984,-0.12797984,-0.12797984,-0.12797984,-0.12797984,-0.12797984,-0.12797984,-0.12797984,-0.12797984,-0.12797984,-0.12797984,-0.12797984
556,2015-09-05 00:09:16,49.567425,50.0,-0.12797984,49.695404,49.823383,49.951363,50.07934,50.20732,50.3353,50.46328,50.59126,50.71924,50.847218,50.975197,51.103176,51.231155,51.359135,51.487114,51.615093,51.743073,51.87105,51.99903,52.12701,52.25499,52.38297,52.51095,52.638927,52.766907,-0.12797984,-0.12797984,-0.12797984,-0.12797984,-0.12797984,-0.12797984,-0.12797984,-0.12797984,-0.12797984,-0.12797984,-0.12797984,-0.12797984,-0.12797984,-0.12797984,-0.12797984,-0.12797984,-0.12797984,-0.12797984,-0.12797984,-0.12797984,-0.12797984,-0.12797984,-0.12797984,-0.12797984,-0.12797984
557,2015-09-05 00:09:17,49.439445,50.0,-0.12797984,49.567425,49.695404,49.823383,49.951363,50.07934,50.20732,50.3353,50.46328,50.59126,50.71924,50.847218,50.975197,51.103176,51.231155,51.359135,51.487114,51.615093,51.743073,51.87105,51.99903,52.12701,52.25499,52.38297,52.51095,52.638927,-0.12797984,-0.12797984,-0.12797984,-0.12797984,-0.12797984,-0.12797984,-0.12797984,-0.12797984,-0.12797984,-0.12797984,-0.12797984,-0.12797984,-0.12797984,-0.12797984,-0.12797984,-0.12797984,-0.12797984,-0.12797984,-0.12797984,-0.12797984,-0.12797984,-0.12797984,-0.12797984,-0.12797984,-0.12797984
558,2015-09-05 00:09:18,49.311466,50.0,-0.12797984,49.439445,49.567425,49.695404,49.823383,49.951363,50.07934,50.20732,50.3353,50.46328,50.59126,50.71924,50.847218,50.975197,51.103176,51.231155,51.359135,51.487114,51.615093,51.743073,51.87105,51.99903,52.12701,52.25499,52.38297,52.51095,-0.12797984,-0.12797984,-0.12797984,-0.12797984,-0.12797984,-0.12797984,-0.12797984,-0.12797984,-0.12797984,-0.12797984,-0.12797984,-0.12797984,-0.12797984,-0.12797984,-0.12797984,-0.12797984,-0.12797984,-0.12797984,-0.12797984,-0.12797984,-0.12797984,-0.12797984,-0.12797984,-0.12797984,-0.12797984
559,2015-09-05 00:09:19,49.183487,50.0,-0.12797984,49.311466,49.439445,49.567425,49.695404,49.823383,49.951363,50.07934,50.20732,50.3353,50.46328,50.59126,50.71924,50.847218,50.975197,51.103176,51.231155,51.359135,51.487114,51.615093,51.743073,51.87105,51.99903,52.12701,52.25499,52.38297,-0.12797984,-0.12797984,-0.12797984,-0.12797984,-0.12797984,-0.12797984,-0.12797984,-0.12797984,-0.12797984,-0.12797984,-0.12797984,-0.12797984,-0.12797984,-0.12797984,-0.12797984,-0.12797984,-0.12797984,-0.12797984,-0.12797984,-0.12797984,-0.12797984,-0.12797984,-0.12797984,-0.12797984,-0.12797984
560,2015-09-05 00:09:20,49.055508,50.0,-0.12797984,49.183487,49.311466,49.439445,49.567425,49.695404,49.823383,49.951363,50.07934,50.20732,50.3353,50.46328,50.59126,50.71924,50.847218,50.975197,51.103176,51.231155,51.359135,51.487114,51.615093,51.743073,51.87105,51.99903,52.12701,52.25499,-0.12797984,-0.12797984,-0.12797984,-0.12797984,-0.12797984,-0.12797984,-0.12797984,-0.12797984,-0.12797984,-0.12797984,-0.12797984,-0.12797984,-0.12797984,-0.12797984,-0.12797984,-0.12797984,-0.12797984,-0.12797984,-0.12797984,-0.12797984,-0.12797984,-0.12797984,-0.12797984,-0.12797984,-0.12797984
561,2015-09-05 00:09:21,48.92753,50.0,-0.12797984,49.055508,49.183487,49.311466,49.439445,49.567425,49.695404,49.823383,49.951363,50.07934,50.20732,50.3353,50.46328,50.59126,50.71924,50.847218,50.975197,51.103176,51.231155,51.359135,51.487114,51.615093,51.743073,51.87105,51.99903,52.12701,-0.12797984,-0.12797984,-0.12797984,-0.12797984,-0.12797984,-0.12797984,-0.12797984,-0.12797984,-0.12797984,-0.12797984,-0.12797984,-0.12797984,-0.12797984,-0.12797984,-0.12797984,-0.12797984,-0.12797984,-0.12797984,-0.12797984,-0.12797984,-0.12797984,-0.12797984,-0.12797984,-0.12797984,-0.12797984
562,2015-09-05 00:09:22,48.79955,50.0,-0.12797984,48.92753,49.055508,49.183487,49.311466,49.439445,49.567425,49.695404,49.823383,49.951363,50.07934,50.20732,50.3353,50.46328,50.59126,50.71924,50.847218,50.975197,51.103176,51.231155,51.359135,51.487114,51.615093,51.743073,51.87105,51.99903,-0.12797984,-0.12797984,-0.12797984,-0.12797984,-0.12797984,-0.12797984,-0.12797984,-0.12797984,-0.12797984,-0.12797984,-0.12797984,-0.12797984,-0.12797984,-0.12797984,-0.12797984,-0.12797984,-0.12797984,-0.12797984,-0.12797984,-0.12797984,-0.12797984,-0.12797984,-0.12797984,-0.12797984,-0.12797984
563,2015-09-05 00:09:23,48.67157,50.0,-0.12780827,48.79955,48.92753,49.055508,49.183487,49.311466,49.439445,49.567425,49.695404,49.823383,49.951363,50.07934,50.20732,50.3353,50.46328,50.59126,50.71924,50.847218,50.975197,51.103176,51.231155,51.359135,51.487114,51.615093,51.743073,51.87105,-0.12797984,-0.12797984,-0.12797984,-0.12797984,-0.12797984,-0.12797984,-0.12797984,-0.12797984,-0.12797984,-0.12797984,-0.12797984,-0.12797984,-0.12797984,-0.12797984,-0.12797984,-0.12797984,-0.12797984,-0.12797984,-0.12797984,-0.12797984,-0.12797984,-0.12797984,-0.12797984,-0.12797984,-0.12797984
564,2015-09-05 00:09:24,48.54359,50.0,-0.12713055,48.67157,48.79955,48.92753,49.055508,49.183487,49.311466,49.439445,49.567425,49.695404,49.823383,49.951363,50.07934,50.20732,50.3353,50.46328,50.59126,50.71924,50.847218,50.975197,51.103176,51.231155,51.359135,51.487114,51.615093,51.743073,-0.12780827,-0.12797984,-0.12797984,-0.12797984,-0.12797984,-0.12797984,-0.12797984,-0.12797984,-0.12797984,-0.12797984,-0.12797984,-0.12797984,-0.12797984,-0.12797984,-0.12797984,-0.12797984,-0.12797984,-0.12797984,-0.12797984,-0.12797984,-0.12797984,-0.12797984,-0.12797984,-0.12797984,-0.12797984
565,2015-09-05 00:09:25,48.41561,50.0,-0.12640089,48.54359,48.67157,48.79955,48.92753,49.055508,49.183487,49.311466,49.439445,49.567425,49.695404,49.823383,49.951363,50.07934,50.20732,50.3353,50.46328,50.59126,50.71924,50.847218,50.975197,51.103176,51.231155,51.359135,51.487114,51.615093,-0.12713055,-0.12780827,-0.12797984,-0.12797984,-0.12797984,-0.12797984,-0.12797984,-0.12797984,-0.12797984,-0.12797984,-0.12797984,-0.12797984,-0.12797984,-0.12797984,-0.12797984,-0.12797984,-0.12797984,-0.12797984,-0.12797984,-0.12797984,-0.12797984,-0.12797984,-0.12797984,-0.12797984,-0.12797984
566,2015-09-05 00:09:26,48.287632,50.0,-0.1255658,48.41561,48.54359,48.67157,48.79955,48.92753,49.055508,49.183487,49.311466,49.439445,49.567425,49.695404,49.823383,49.951363,50.07934,50.20732,50.3353,50.46328,50.59126,50.71924,50.847218,50.975197,51.103176,51.231155,51.359135,51.487114,-0.12640089,-0.12713055,-0.12780827,-0.12797984,-0.12797984,-0.12797984,-0.12797984,-0.12797984,-0.12797984,-0.12797984,-0.12797984,-0.12797984,-0.12797984,-0.12797984,-0.12797984,-0.12797984,-0.12797984,-0.12797984,-0.12797984,-0.12797984,-0.12797984,-0.12797984,-0.12797984,-0.12797984,-0.12797984
567,2015-09-05 00:09:27,48.159653,50.0,-0.12459878,48.287632,48.41561,48.54359,48.67157,48.79955,48.92753,49.055508,49.183487,49.311466,49.439445,49.567425,49.695404,49.823383,49.951363,50.07934,50.20732,50.3353,50.46328,50.59126,50.71924,50.847218,50.975197,51.103176,51.231155,51.359135,-0.1255658,-0.12640089,-0.12713055,-0.12780827,-0.12797984,-0.12797984,-0.12797984,-0.12797984,-0.12797984,-0.12797984,-0.12797984,-0.12797984,-0.12797984,-0.12797984,-0.12797984,-0.12797984,-0.12797984,-0.12797984,-0.12797984,-0.12797984,-0.12797984,-0.12797984,-0.12797984,-0.12797984,-0.12797984
568,2015-09-05 00:09:28,48.031673,50.0,-0.1234932,48.159653,48.287632,48.41561,48.54359,48.67157,48.79955,48.92753,49.055508,49.183487,49.311466,49.439445,49.567425,49.695404,49.823383,49.951363,50.07934,50.20732,50.3353,50.46328,50.59126,50.71924,50.847218,50.975197,51.103176,51.231155,-0.12459878,-0.1255658,-0.12640089,-0.12713055,-0.12780827,-0.12797984,-0.12797984,-0.12797984,-0.12797984,-0.12797984,-0.12797984,-0.12797984,-0.12797984,-0.12797984,-0.12797984,-0.12797984,-0.12797984,-0.12797984,-0.12797984,-0.12797984,-0.12797984,-0.12797984,-0.12797984,-0.12797984,-0.12797984
569,2015-09-05 00:09:29,47.903694,50.0,-0.12234478,48.031673,48.159653,48.287632,48.41561,48.54359,48.67157,48.79955,48.92753,49.055508,49.183487,49.311466,49.439445,49.567425,49.695404,49.823383,49.951363,50.07934,50.20732,50.3353,50.46328,50.59126,50.71924,50.847218,50.975197,51.103176,-0.1234932,-0.12459878,-0.1255658,-0.12640089,-0.12713055,-0.12780827,-0.12797984,-0.12797984,-0.12797984,-0.12797984,-0.12797984,-0.12797984,-0.12797984,-0.12797984,-0.12797984,-0.12797984,-0.12797984,-0.12797984,-0.12797984,-0.12797984,-0.12797984,-0.12797984,-0.12797984,-0.12797984,-0.12797984
570,2015-09-05 00:09:30,47.775715,50.0,-0.12112733,47.903694,48.031673,48.159653,48.287632,48.41561,48.54359,48.67157,48.79955,48.92753,49.055508,49.183487,49.311466,49.439445,49.567425,49.695404,49.823383,49.951363,50.07934,50.20732,50.3353,50.46328,50.59126,50.71924,50.847218,50.975197,-0.12234478,-0.1234932,-0.12459878,-0.1255658,-0.12640089,-0.12713055,-0.12780827,-0.12797984,-0.12797984,-0.12797984,-0.12797984,-0.12797984,-0.12797984,-0.12797984,-0.12797984,-0.12797984,-0.12797984,-0.12797984,-0.12797984,-0.12797984,-0.12797984,-0.12797984,-0.12797984,-0.12797984,-0.12797984
571,2015-09-05 00:09:31,47.647736,50.0,-0.119901076,47.775715,47.903694,48.031673,48.159653,48.287632,48.41561,48.54359,48.67157,48.79955,48.92753,49.055508,49.183487,49.311466,49.439445,49.567425,49.695404,49.823383,49.951363,50.07934,50.20732,50.3353,50.46328,50.59126,50.71924,50.847218,-0.12112733,-0.12234478,-0.1234932,-0.12459878,-0.1255658,-0.12640089,-0.12713055,-0.12780827,-0.12797984,-0.12797984,-0.12797984,-0.12797984,-0.12797984,-0.12797984,-0.12797984,-0.12797984,-0.12797984,-0.12797984,-0.12797984,-0.12797984,-0.12797984,-0.12797984,-0.12797984,-0.12797984,-0.12797984
572,2015-09-05 00:09:32,47.519756,50.0,-0.1186781,47.647736,47.775715,47.903694,48.031673,48.159653,48.287632,48.41561,48.54359,48.67157,48.79955,48.92753,49.055508,49.183487,49.311466,49.439445,49.567425,49.695404,49.823383,49.951363,50.07934,50.20732,50.3353,50.46328,50.59126,50.71924,-0.119901076,-0.12112733,-0.12234478,-0.1234932,-0.12459878,-0.1255658,-0.12640089,-0.12713055,-0.12780827,-0.12797984,-0.12797984,-0.12797984,-0.12797984,-0.12797984,-0.12797984,-0.12797984,-0.12797984,-0.12797984,-0.12797984,-0.12797984,-0.12797984,-0.12797984,-0.12797984,-0.12797984,-0.12797984
573,2015-09-05 00:09:33,47.391777,50.0,-0.117440775,47.519756,47.647736,47.775715,47.903694,48.031673,48.159653,48.287632,48.41561,48.54359,48.67157,48.79955,48.92753,49.055508,49.183487,49.311466,49.439445,49.567425,49.695404,49.823383,49.951363,50.07934,50.20732,50.3353,50.46328,50.59126,-0.1186781,-0.119901076,-0.12112733,-0.12234478,-0.1234932,-0.12459878,-0.1255658,-0.12640089,-0.12713055,-0.12780827,-0.12797984,-0.12797984,-0.12797984,-0.12797984,-0.12797984,-0.12797984,-0.12797984,-0.12797984,-0.12797984,-0.12797984,-0.12797984,-0.12797984,-0.12797984,-0.12797984,-0.12797984
574,2015-09-05 00:09:34,47.263798,50.0,-0.11620216,47.391777,47.519756,47.647736,47.775715,47.903694,48.031673,48.159653,48.287632,48.41561,48.54359,48.67157,48.79955,48.92753,49.055508,49.183487,49.311466,49.439445,49.567425,49.695404,49.823383,49.951363,50.07934,50.20732,50.3353,50.46328,-0.117440775,-0.1186781,-0.119901076,-0.12112733,-0.12234478,-0.1234932,-0.12459878,-0.1255658,-0.12640089,-0.12713055,-0.12780827,-0.12797984,-0.12797984,-0.12797984,-0.12797984,-0.12797984,-0.12797984,-0.12797984,-0.12797984,-0.12797984,-0.12797984,-0.12797984,-0.12797984,-0.12797984,-0.12797984
575,2015-09-05 00:09:35,47.13582,50.0,-0.1148798,47.263798,47.391777,47.519756,47.647736,47.775715,47.903694,48.031673,48.159653,48.287632,48.41561,48.54359,48.67157,48.79955,48.92753,49.055508,49.183487,49.311466,49.439445,49.567425,49.695404,49.823383,49.951363,50.07934,50.20732,50.3353,-0.11620216,-0.117440775,-0.1186781,-0.119901076,-0.12112733,-0.12234478,-0.1234932,-0.12459878,-0.1255658,-0.12640089,-0.12713055,-0.12780827,-0.12797984,-0.12797984,-0.12797984,-0.12797984,-0.12797984,-0.12797984,-0.12797984,-0.12797984,-0.12797984,-0.12797984,-0.12797984,-0.12797984,-0.12797984
576,2015-09-05 00:09:36,47.00784,50.0,-0.11352469,47.13582,47.263798,47.391777,47.519756,47.647736,47.775715,47.903694,48.031673,48.159653,48.287632,48.41561,48.54359,48.67157,48.79955,48.92753,49.055508,49.183487,49.311466,49.439445,49.567425,49.695404,49.823383,49.951363,50.07934,50.20732,-0.1148798,-0.11620216,-0.117440775,-0.1186781,-0.119901076,-0.12112733,-0.12234478,-0.1234932,-0.12459878,-0.1255658,-0.12640089,-0.12713055,-0.12780827,-0.12797984,-0.12797984,-0.12797984,-0.12797984,-0.12797984,-0.12797984,-0.12797984,-0.12797984,-0.12797984,-0.12797984,-0.12797984,-0.12797984
577,2015-09-05 00:09:37,46.87986,50.0,-0.11215156,47.00784,47.13582,47.263798,47.391777,47.519756,47.647736,47.775715,47.903694,48.031673,48.159653,48.287632,48.41561,48.54359,48.67157,48.79955,48.92753,49.055508,49.183487,49.311466,49.439445,49.567425,49.695404,49.823383,49.951363,50.07934,-0.11352469,-0.1148798,-0.11620216,-0.117440775,-0.1186781,-0.119901076,-0.12112733,-0.12234478,-0.1234932,-0.12459878,-0.1255658,-0.12640089,-0.12713055,-0.12780827,-0.12797984,-0.12797984,-0.12797984,-0.12797984,-0.12797984,-0.12797984,-0.12797984,-0.12797984,-0.12797984,-0.12797984,-0.12797984
578,2015-09-05 00:09:38,46.75188,50.0,-0.110762656,46.87986,47.00784,47.13582,47.263798,47.391777,47.519756,47.647736,47.775715,47.903694,48.031673,48.159653,48.287632,48.41561,48.54359,48.67157,48.79955,48.92753,49.055508,49.183487,49.311466,49.439445,49.567425,49.695404,49.823383,49.951363,-0.11215156,-0.11352469,-0.1148798,-0.11620216,-0.117440775,-0.1186781,-0.119901076,-0.12112733,-0.12234478,-0.1234932,-0.12459878,-0.1255658,-0.12640089,-0.12713055,-0.12780827,-0.12797984,-0.12797984,-0.12797984,-0.12797984,-0.12797984,-0.12797984,-0.12797984,-0.12797984,-0.12797984,-0.12797984
579,2015-09-05 00:09:39,46.6239,50.0,-0.10937306,46.75188,46.87986,47.00784,47.13582,47.263798,47.391777,47.519756,47.647736,47.775715,47.903694,48.031673,48.159653,48.287632,48.41561,48.54359,48.67157,48.79955,48.92753,49.055508,49.183487,49.311466,49.439445,49.567425,49.695404,49.823383,-0.110762656,-0.11215156,-0.11352469,-0.1148798,-0.11620216,-0.117440775,-0.1186781,-0.119901076,-0.12112733,-0.12234478,-0.1234932,-0.12459878,-0.1255658,-0.12640089,-0.12713055,-0.12780827,-0.12797984,-0.12797984,-0.12797984,-0.12797984,-0.12797984,-0.12797984,-0.12797984,-0.12797984,-0.12797984
580,2015-09-05 00:09:40,46.495922,50.0,-0.10798627,46.6239,46.75188,46.87986,47.00784,47.13582,47.263798,47.391777,47.519756,47.647736,47.775715,47.903694,48.031673,48.159653,48.287632,48.41561,48.54359,48.67157,48.79955,48.92753,49.055508,49.183487,49.311466,49.439445,49.567425,49.695404,-0.10937306,-0.110762656,-0.11215156,-0.11352469,-0.1148798,-0.11620216,-0.117440775,-0.1186781,-0.119901076,-0.12112733,-0.12234478,-0.1234932,-0.12459878,-0.1255658,-0.12640089,-0.12713055,-0.12780827,-0.12797984,-0.12797984,-0.12797984,-0.12797984,-0.12797984,-0.12797984,-0.12797984,-0.12797984
581,2015-09-05 00:09:41,46.367943,50.0,-0.106595844,46.495922,46.6239,46.75188,46.87986,47.00784,47.13582,47.263798,47.391777,47.519756,47.647736,47.775715,47.903694,48.031673,48.159653,48.287632,48.41561,48.54359,48.67157,48.79955,48.92753,49.055508,49.183487,49.311466,49.439445,49.567425,-0.10798627,-0.10937306,-0.110762656,-0.11215156,-0.11352469,-0.1148798,-0.11620216,-0.117440775,-0.1186781,-0.119901076,-0.12112733,-0.12234478,-0.1234932,-0.12459878,-0.1255658,-0.12640089,-0.12713055,-0.12780827,-0.12797984,-0.12797984,-0.12797984,-0.12797984,-0.12797984,-0.12797984,-0.12797984
582,2015-09-05 00:09:42,46.239964,50.0,-0.10520157,46.367943,46.495922,46.6239,46.75188,46.87986,47.00784,47.13582,47.263798,47.391777,47.519756,47.647736,47.775715,47.903694,48.031673,48.159653,48.287632,48.41561,48.54359,48.67157,48.79955,48.92753,49.055508,49.183487,49.311466,49.439445,-0.106595844,-0.10798627,-0.10937306,-0.110762656,-0.11215156,-0.11352469,-0.1148798,-0.11620216,-0.117440775,-0.1186781,-0.119901076,-0.12112733,-0.12234478,-0.1234932,-0.12459878,-0.1255658,-0.12640089,-0.12713055,-0.12780827,-0.12797984,-0.12797984,-0.12797984,-0.12797984,-0.12797984,-0.12797984
583,2015-09-05 00:09:43,46.112156,50.0,-0.103779085,46.239964,46.367943,46.495922,46.6239,46.75188,46.87986,47.00784,47.13582,47.263798,47.391777,47.519756,47.647736,47.775715,47.903694,48.031673,48.159653,48.287632,48.41561,48.54359,48.67157,48.79955,48.92753,49.055508,49.183487,49.311466,-0.10520157,-0.106595844,-0.10798627,-0.10937306,-0.110762656,-0.11215156,-0.11352469,-0.1148798,-0.11620216,-0.117440775,-0.1186781,-0.119901076,-0.12112733,-0.12234478,-0.1234932,-0.12459878,-0.1255658,-0.12640089,-0.12713055,-0.12780827,-0.12797984,-0.12797984,-0.12797984,-0.12797984,-0.12797984
584,2015-09-05 00:09:44,45.985023,50.0,-0.102330245,46.112156,46.239964,46.367943,46.495922,46.6239,46.75188,46.87986,47.00784,47.13582,47.263798,47.391777,47.519756,47.647736,47.775715,47.903694,48.031673,48.159653,48.287632,48.41561,48.54359,48.67157,48.79955,48.92753,49.055508,49.183487,-0.103779085,-0.10520157,-0.106595844,-0.10798627,-0.10937306,-0.110762656,-0.11215156,-0.11352469,-0.1148798,-0.11620216,-0.117440775,-0.1186781,-0.119901076,-0.12112733,-0.12234478,-0.1234932,-0.12459878,-0.1255658,-0.12640089,-0.12713055,-0.12780827,-0.12797984,-0.12797984,-0.12797984,-0.12797984
585,2015-09-05 00:09:45,45.858624,80.0,0.13208859,45.985023,46.112156,46.239964,46.367943,46.495922,46.6239,46.75188,46.87986,47.00784,47.13582,47.263798,47.391777,47.519756,47.647736,47.775715,47.903694,48.031673,48.159653,48.287632,48.41561,48.54359,48.67157,48.79955,48.92753,49.055508,-0.102330245,-0.103779085,-0.10520157,-0.106595844,-0.10798627,-0.10937306,-0.110762656,-0.11215156,-0.11352469,-0.1148798,-0.11620216,-0.117440775,-0.1186781,-0.119901076,-0.12112733,-0.12234478,-0.1234932,-0.12459878,-0.1255658,-0.12640089,-0.12713055,-0.12780827,-0.12797984,-0.12797984,-0.12797984
586,2015-09-05 00:09:46,45.73306,80.0,0.13278553,45.858624,45.985023,46.112156,46.239964,46.367943,46.495922,46.6239,46.75188,46.87986,47.00784,47.13582,47.263798,47.391777,47.519756,47.647736,47.775715,47.903694,48.031673,48.159653,48.287632,48.41561,48.54359,48.67157,48.79955,48.92753,0.13208859,-0.102330245,-0.103779085,-0.10520157,-0.106595844,-0.10798627,-0.10937306,-0.110762656,-0.11215156,-0.11352469,-0.1148798,-0.11620216,-0.117440775,-0.1186781,-0.119901076,-0.12112733,-0.12234478,-0.1234932,-0.12459878,-0.1255658,-0.12640089,-0.12713055,-0.12780827,-0.12797984,-0.12797984
587,2015-09-05 00:09:47,45.60846,80.0,0.1343881,45.73306,45.858624,45.985023,46.112156,46.239964,46.367943,46.495922,46.6239,46.75188,46.87986,47.00784,47.13582,47.263798,47.391777,47.519756,47.647736,47.775715,47.903694,48.031673,48.159653,48.287632,48.41561,48.54359,48.67157,48.79955,0.13278553,0.13208859,-0.102330245,-0.103779085,-0.10520157,-0.106595844,-0.10798627,-0.10937306,-0.110762656,-0.11215156,-0.11352469,-0.1148798,-0.11620216,-0.117440775,-0.1186781,-0.119901076,-0.12112733,-0.12234478,-0.1234932,-0.12459878,-0.1255658,-0.12640089,-0.12713055,-0.12780827,-0.12797984
588,2015-09-05 00:09:48,45.484966,80.0,0.13556887,45.60846,45.73306,45.858624,45.985023,46.112156,46.239964,46.367943,46.495922,46.6239,46.75188,46.87986,47.00784,47.13582,47.263798,47.391777,47.519756,47.647736,47.775715,47.903694,48.031673,48.159653,48.287632,48.41561,48.54359,48.67157,0.1343881,0.13278553,0.13208859,-0.102330245,-0.103779085,-0.10520157,-0.106595844,-0.10798627,-0.10937306,-0.110762656,-0.11215156,-0.11352469,-0.1148798,-0.11620216,-0.117440775,-0.1186781,-0.119901076,-0.12112733,-0.12234478,-0.1234932,-0.12459878,-0.1255658,-0.12640089,-0.12713055,-0.12780827
589,2015-09-05 00:09:49,45.36262,80.0,0.13632679,45.484966,45.60846,45.73306,45.858624,45.985023,46.112156,46.239964,46.367943,46.495922,46.6239,46.75188,46.87986,47.00784,47.13582,47.263798,47.391777,47.519756,47.647736,47.775715,47.903694,48.031673,48.159653,48.287632,48.41561,48.54359,0.13556887,0.1343881,0.13278553,0.13208859,-0.102330245,-0.103779085,-0.10520157,-0.106595844,-0.10798627,-0.10937306,-0.110762656,-0.11215156,-0.11352469,-0.1148798,-0.11620216,-0.117440775,-0.1186781,-0.119901076,-0.12112733,-0.12234478,-0.1234932,-0.12459878,-0.1255658,-0.12640089,-0.12713055
590,2015-09-05 00:09:50,45.241493,80.0,0.13840021,45.36262,45.484966,45.60846,45.73306,45.858624,45.985023,46.112156,46.239964,46.367943,46.495922,46.6239,46.75188,46.87986,47.00784,47.13582,47.263798,47.391777,47.519756,47.647736,47.775715,47.903694,48.031673,48.159653,48.287632,48.41561,0.13632679,0.13556887,0.1343881,0.13278553,0.13208859,-0.102330245,-0.103779085,-0.10520157,-0.106595844,-0.10798627,-0.10937306,-0.110762656,-0.11215156,-0.11352469,-0.1148798,-0.11620216,-0.117440775,-0.1186781,-0.119901076,-0.12112733,-0.12234478,-0.1234932,-0.12459878,-0.1255658,-0.12640089
591,2015-09-05 00:09:51,45.121593,80.0,0.13938957,45.241493,45.36262,45.484966,45.60846,45.73306,45.858624,45.985023,46.112156,46.239964,46.367943,46.495922,46.6239,46.75188,46.87986,47.00784,47.13582,47.263798,47.391777,47.519756,47.647736,47.775715,47.903694,48.031673,48.159653,48.287632,0.13840021,0.13632679,0.13556887,0.1343881,0.13278553,0.13208859,-0.102330245,-0.103779085,-0.10520157,-0.106595844,-0.10798627,-0.10937306,-0.110762656,-0.11215156,-0.11352469,-0.1148798,-0.11620216,-0.117440775,-0.1186781,-0.119901076,-0.12112733,-0.12234478,-0.1234932,-0.12459878,-0.1255658
592,2015-09-05 00:09:52,45.002914,80.0,0.13806716,45.121593,45.241493,45.36262,45.484966,45.60846,45.73306,45.858624,45.985023,46.112156,46.239964,46.367943,46.495922,46.6239,46.75188,46.87986,47.00784,47.13582,47.263798,47.391777,47.519756,47.647736,47.775715,47.903694,48.031673,48.159653,0.13938957,0.13840021,0.13632679,0.13556887,0.1343881,0.13278553,0.13208859,-0.102330245,-0.103779085,-0.10520157,-0.106595844,-0.10798627,-0.10937306,-0.110762656,-0.11215156,-0.11352469,-0.1148798,-0.11620216,-0.117440775,-0.1186781,-0.119901076,-0.12112733,-0.12234478,-0.1234932,-0.12459878
593,2015-09-05 00:09:53,44.885475,80.0,0.14005971,45.002914,45.121593,45.241493,45.36262,45.484966,45.60846,45.73306,45.858624,45.985023,46.112156,46.239964,46.367943,46.495922,46.6239,46.75188,46.87986,47.00784,47.13582,47.263798,47.391777,47.519756,47.647736,47.775715,47.903694,48.031673,0.13806716,0.13938957,0.13840021,0.13632679,0.13556887,0.1343881,0.13278553,0.13208859,-0.102330245,-0.103779085,-0.10520157,-0.106595844,-0.10798627,-0.10937306,-0.110762656,-0.11215156,-0.11352469,-0.1148798,-0.11620216,-0.117440775,-0.1186781,-0.119901076,-0.12112733,-0.12234478,-0.1234932
594,2015-09-05 00:09:54,44.76927,80.0,0.1410464,44.885475,45.002914,45.121593,45.241493,45.36262,45.484966,45.60846,45.73306,45.858624,45.985023,46.112156,46.239964,46.367943,46.495922,46.6239,46.75188,46.87986,47.00784,47.13582,47.263798,47.391777,47.519756,47.647736,47.775715,47.903694,0.14005971,0.13806716,0.13938957,0.13840021,0.13632679,0.13556887,0.1343881,0.13278553,0.13208859,-0.102330245,-0.103779085,-0.10520157,-0.106595844,-0.10798627,-0.10937306,-0.110762656,-0.11215156,-0.11352469,-0.1148798,-0.11620216,-0.117440775,-0.1186781,-0.119901076,-0.12112733,-0.12234478
595,2015-09-05 00:09:55,44.654392,80.0,0.14268039,44.76927,44.885475,45.002914,45.121593,45.241493,45.36262,45.484966,45.60846,45.73306,45.858624,45.985023,46.112156,46.239964,46.367943,46.495922,46.6239,46.75188,46.87986,47.00784,47.13582,47.263798,47.391777,47.519756,47.647736,47.775715,0.1410464,0.14005971,0.13806716,0.13938957,0.13840021,0.13632679,0.13556887,0.1343881,0.13278553,0.13208859,-0.102330245,-0.103779085,-0.10520157,-0.106595844,-0.10798627,-0.10937306,-0.110762656,-0.11215156,-0.11352469,-0.1148798,-0.11620216,-0.117440775,-0.1186781,-0.119901076,-0.12112733
596,2015-09-05 00:09:56,44.540867,80.0,0.14353701,44.654392,44.76927,44.885475,45.002914,45.121593,45.241493,45.36262,45.484966,45.60846,45.73306,45.858624,45.985023,46.112156,46.239964,46.367943,46.495922,46.6239,46.75188,46.87986,47.00784,47.13582,47.263798,47.391777,47.519756,47.647736,0.14268039,0.1410464,0.14005971,0.13806716,0.13938957,0.13840021,0.13632679,0.13556887,0.1343881,0.13278553,0.13208859,-0.102330245,-0.103779085,-0.10520157,-0.106595844,-0.10798627,-0.10937306,-0.110762656,-0.11215156,-0.11352469,-0.1148798,-0.11620216,-0.117440775,-0.1186781,-0.119901076
597,2015-09-05 00:09:57,44.428715,80.0,0.14600474,44.540867,44.654392,44.76927,44.885475,45.002914,45.121593,45.241493,45.36262,45.484966,45.60846,45.73306,45.858624,45.985023,46.112156,46.239964,46.367943,46.495922,46.6239,46.75188,46.87986,47.00784,47.13582,47.263798,47.391777,47.519756,0.14353701,0.14268039,0.1410464,0.14005971,0.13806716,0.13938957,0.13840021,0.13632679,0.13556887,0.1343881,0.13278553,0.13208859,-0.102330245,-0.103779085,-0.10520157,-0.106595844,-0.10798627,-0.10937306,-0.110762656,-0.11215156,-0.11352469,-0.1148798,-0.11620216,-0.117440775,-0.1186781
598,2015-09-05 00:09:58,44.31795,80.0,0.14693028,44.428715,44.540867,44.654392,44.76927,44.885475,45.002914,45.121593,45.241493,45.36262,45.484966,45.60846,45.73306,45.858624,45.985023,46.112156,46.239964,46.367943,46.495922,46.6239,46.75188,46.87986,47.00784,47.13582,47.263798,47.391777,0.14600474,0.14353701,0.14268039,0.1410464,0.14005971,0.13806716,0.13938957,0.13840021,0.13632679,0.13556887,0.1343881,0.13278553,0.13208859,-0.102330245,-0.103779085,-0.10520157,-0.106595844,-0.10798627,-0.10937306,-0.110762656,-0.11215156,-0.11352469,-0.1148798,-0.11620216,-0.117440775
599,2015-09-05 00:09:59,44.20858,80.0,0.1483913,44.31795,44.428715,44.540867,44.654392,44.76927,44.885475,45.002914,45.121593,45.241493,45.36262,45.484966,45.60846,45.73306,45.858624,45.985023,46.112156,46.239964,46.367943,46.495922,46.6239,46.75188,46.87986,47.00784,47.13582,47.263798,0.14693028,0.14600474,0.14353701,0.14268039,0.1410464,0.14005971,0.13806716,0.13938957,0.13840021,0.13632679,0.13556887,0.1343881,0.13278553,0.13208859,-0.102330245,-0.103779085,-0.10520157,-0.106595844,-0.10798627,-0.10937306,-0.110762656,-0.11215156,-0.11352469,-0.1148798,-0.11620216
600,2015-09-05 00:10:00,44.100594,80.0,0.14934626,44.20858,44.31795,44.428715,44.540867,44.654392,44.76927,44.885475,45.002914,45.121593,45.241493,45.36262,45.484966,45.60846,45.73306,45.858624,45.985023,46.112156,46.239964,46.367943,46.495922,46.6239,46.75188,46.87986,47.00784,47.13582,0.1483913,0.14693028,0.14600474,0.14353701,0.14268039,0.1410464,0.14005971,0.13806716,0.13938957,0.13840021,0.13632679,0.13556887,0.1343881,0.13278553,0.13208859,-0.102330245,-0.103779085,-0.10520157,-0.106595844,-0.10798627,-0.10937306,-0.110762656,-0.11215156,-0.11352469,-0.1148798
601,2015-09-05 00:10:01,43.994,80.0,0.14897227,44.100594,44.20858,44.31795,44.428715,44.540867,44.654392,44.76927,44.885475,45.002914,45.121593,45.241493,45.36262,45.484966,45.60846,45.73306,45.858624,45.985023,46.112156,46.239964,46.367943,46.495922,46.6239,46.75188,46.87986,47.00784,0.14934626,0.1483913,0.14693028,0.14600474,0.14353701,0.14268039,0.1410464,0.14005971,0.13806716,0.13938957,0.13840021,0.13632679,0.13556887,0.1343881,0.13278553,0.13208859,-0.102330245,-0.103779085,-0.10520157,-0.106595844,-0.10798627,-0.10937306,-0.110762656,-0.11215156,-0.11352469
602,2015-09-05 00:10:02,43.888798,80.0,0.14906245,43.994,44.100594,44.20858,44.31795,44.428715,44.540867,44.654392,44.76927,44.885475,45.002914,45.121593,45.241493,45.36262,45.484966,45.60846,45.73306,45.858624,45.985023,46.112156,46.239964,46.367943,46.495922,46.6239,46.75188,46.87986,0.14897227,0.14934626,0.1483913,0.14693028,0.14600474,0.14353701,0.14268039,0.1410464,0.14005971,0.13806716,0.13938957,0.13840021,0.13632679,0.13556887,0.1343881,0.13278553,0.13208859,-0.102330245,-0.103779085,-0.10520157,-0.106595844,-0.10798627,-0.10937306,-0.110762656,-0.11215156
603,2015-09-05 00:10:03,43.78502,80.0,0.14957258,43.888798,43.994,44.100594,44.20858,44.31795,44.428715,44.540867,44.654392,44.76927,44.885475,45.002914,45.121593,45.241493,45.36262,45.484966,45.60846,45.73306,45.858624,45.985023,46.112156,46.239964,46.367943,46.495922,46.6239,46.75188,0.14906245,0.14897227,0.14934626,0.1483913,0.14693028,0.14600474,0.14353701,0.14268039,0.1410464,0.14005971,0.13806716,0.13938957,0.13840021,0.13632679,0.13556887,0.1343881,0.13278553,0.13208859,-0.102330245,-0.103779085,-0.10520157,-0.106595844,-0.10798627,-0.10937306,-0.110762656
604,2015-09-05 00:10:04,43.68269,80.0,0.15083852,43.78502,43.888798,43.994,44.100594,44.20858,44.31795,44.428715,44.540867,44.654392,44.76927,44.885475,45.002914,45.121593,45.241493,45.36262,45.484966,45.60846,45.73306,45.858624,45.985023,46.112156,46.239964,46.367943,46.495922,46.6239,0.14957258,0.14906245,0.14897227,0.14934626,0.1483913,0.14693028,0.14600474,0.14353701,0.14268039,0.1410464,0.14005971,0.13806716,0.13938957,0.13840021,0.13632679,0.13556887,0.1343881,0.13278553,0.13208859,-0.102330245,-0.103779085,-0.10520157,-0.106595844,-0.10798627,-0.10937306
605,2015-09-05 00:10:05,43.814777,80.0,0.15119892,43.68269,43.78502,43.888798,43.994,44.100594,44.20858,44.31795,44.428715,44.540867,44.654392,44.76927,44.885475,45.002914,45.121593,45.241493,45.36262,45.484966,45.60846,45.73306,45.858624,45.985023,46.112156,46.239964,46.367943,46.495922,0.15083852,0.14957258,0.14906245,0.14897227,0.14934626,0.1483913,0.14693028,0.14600474,0.14353701,0.14268039,0.1410464,0.14005971,0.13806716,0.13938957,0.13840021,0.13632679,0.13556887,0.1343881,0.13278553,0.13208859,-0.102330245,-0.103779085,-0.10520157,-0.106595844,-0.10798627
606,2015-09-05 00:10:06,43.947563,80.0,0.15313001,43.814777,43.68269,43.78502,43.888798,43.994,44.100594,44.20858,44.31795,44.428715,44.540867,44.654392,44.76927,44.885475,45.002914,45.121593,45.241493,45.36262,45.484966,45.60846,45.73306,45.858624,45.985023,46.112156,46.239964,46.367943,0.15119892,0.15083852,0.14957258,0.14906245,0.14897227,0.14934626,0.1483913,0.14693028,0.14600474,0.14353701,0.14268039,0.1410464,0.14005971,0.13806716,0.13938957,0.13840021,0.13632679,0.13556887,0.1343881,0.13278553,0.13208859,-0.102330245,-0.103779085,-0.10520157,-0.106595844
607,2015-09-05 00:10:07,44.08195,80.0,0.15564805,43.947563,43.814777,43.68269,43.78502,43.888798,43.994,44.100594,44.20858,44.31795,44.428715,44.540867,44.654392,44.76927,44.885475,45.002914,45.121593,45.241493,45.36262,45.484966,45.60846,45.73306,45.858624,45.985023,46.112156,46.239964,0.15313001,0.15119892,0.15083852,0.14957258,0.14906245,0.14897227,0.14934626,0.1483913,0.14693028,0.14600474,0.14353701,0.14268039,0.1410464,0.14005971,0.13806716,0.13938957,0.13840021,0.13632679,0.13556887,0.1343881,0.13278553,0.13208859,-0.102330245,-0.103779085,-0.10520157
608,2015-09-05 00:10:08,44.21752,80.0,0.15790485,44.08195,43.947563,43.814777,43.68269,43.78502,43.888798,43.994,44.100594,44.20858,44.31795,44.428715,44.540867,44.654392,44.76927,44.885475,45.002914,45.121593,45.241493,45.36262,45.484966,45.60846,45.73306,45.858624,45.985023,46.112156,0.15564805,0.15313001,0.15119892,0.15083852,0.14957258,0.14906245,0.14897227,0.14934626,0.1483913,0.14693028,0.14600474,0.14353701,0.14268039,0.1410464,0.14005971,0.13806716,0.13938957,0.13840021,0.13632679,0.13556887,0.1343881,0.13278553,0.13208859,-0.102330245,-0.103779085
609,2015-09-05 00:10:09,44.353848,80.0,0.15908778,44.21752,44.08195,43.947563,43.814777,43.68269,43.78502,43.888798,43.994,44.100594,44.20858,44.31795,44.428715,44.540867,44.654392,44.76927,44.885475,45.002914,45.121593,45.241493,45.36262,45.484966,45.60846,45.73306,45.858624,45.985023,0.15790485,0.15564805,0.15313001,0.15119892,0.15083852,0.14957258,0.14906245,0.14897227,0.14934626,0.1483913,0.14693028,0.14600474,0.14353701,0.14268039,0.1410464,0.14005971,0.13806716,0.13938957,0.13840021,0.13632679,0.13556887,0.1343881,0.13278553,0.13208859,-0.102330245
610,2015-09-05 00:10:10,44.49225,80.0,0.16277876,44.353848,44.21752,44.08195,43.947563,43.814777,43.68269,43.78502,43.888798,43.994,44.100594,44.20858,44.31795,44.428715,44.540867,44.654392,44.76927,44.885475,45.002914,45.121593,45.241493,45.36262,45.484966,45.60846,45.73306,45.858624,0.15908778,0.15790485,0.15564805,0.15313001,0.15119892,0.15083852,0.14957258,0.14906245,0.14897227,0.14934626,0.1483913,0.14693028,0.14600474,0.14353701,0.14268039,0.1410464,0.14005971,0.13806716,0.13938957,0.13840021,0.13632679,0.13556887,0.1343881,0.13278553,0.13208859
611,2015-09-05 00:10:11,44.631638,80.0,0.16609937,44.49225,44.353848,44.21752,44.08195,43.947563,43.814777,43.68269,43.78502,43.888798,43.994,44.100594,44.20858,44.31795,44.428715,44.540867,44.654392,44.76927,44.885475,45.002914,45.121593,45.241493,45.36262,45.484966,45.60846,45.73306,0.16277876,0.15908778,0.15790485,0.15564805,0.15313001,0.15119892,0.15083852,0.14957258,0.14906245,0.14897227,0.14934626,0.1483913,0.14693028,0.14600474,0.14353701,0.14268039,0.1410464,0.14005971,0.13806716,0.13938957,0.13840021,0.13632679,0.13556887,0.1343881,0.13278553
612,2015-09-05 00:10:12,44.769703,80.0,0.16807058,44.631638,44.49225,44.353848,44.21752,44.08195,43.947563,43.814777,43.68269,43.78502,43.888798,43.994,44.100594,44.20858,44.31795,44.428715,44.540867,44.654392,44.76927,44.885475,45.002914,45.121593,45.241493,45.36262,45.484966,45.60846,0.16609937,0.16277876,0.15908778,0.15790485,0.15564805,0.15313001,0.15119892,0.15083852,0.14957258,0.14906245,0.14897227,0.14934626,0.1483913,0.14693028,0.14600474,0.14353701,0.14268039,0.1410464,0.14005971,0.13806716,0.13938957,0.13840021,0.13632679,0.13556887,0.1343881
613,2015-09-05 00:10:13,44.909763,80.0,0.16885793,44.769703,44.631638,44.49225,44.353848,44.21752,44.08195,43.947563,43.814777,43.68269,43.78502,43.888798,43.994,44.100594,44.20858,44.31795,44.428715,44.540867,44.654392,44.76927,44.885475,45.002914,45.121593,45.241493,45.36262,45.484966,0.16807058,0.16609937,0.16277876,0.15908778,0.15790485,0.15564805,0.15313001,0.15119892,0.15083852,0.14957258,0.14906245,0.14897227,0.14934626,0.1483913,0.14693028,0.14600474,0.14353701,0.14268039,0.1410464,0.14005971,0.13806716,0.13938957,0.13840021,0.13632679,0.13556887
614,2015-09-05 00:10:14,45.050808,80.0,0.17007744,44.909763,44.769703,44.631638,44.49225,44.353848,44.21752,44.08195,43.947563,43.814777,43.68269,43.78502,43.888798,43.994,44.100594,44.20858,44.31795,44.428715,44.540867,44.654392,44.76927,44.885475,45.002914,45.121593,45.241493,45.36262,0.16885793,0.16807058,0.16609937,0.16277876,0.15908778,0.15790485,0.15564805,0.15313001,0.15119892,0.15083852,0.14957258,0.14906245,0.14897227,0.14934626,0.1483913,0.14693028,0.14600474,0.14353701,0.14268039,0.1410464,0.14005971,0.13806716,0.13938957,0.13840021,0.13632679
615,2015-09-05 00:10:15,45.19349,80.0,0.17131084,45.050808,44.909763,44.769703,44.631638,44.49225,44.353848,44.21752,44.08195,43.947563,43.814777,43.68269,43.78502,43.888798,43.994,44.100594,44.20858,44.31795,44.428715,44.540867,44.654392,44.76927,44.885475,45.002914,45.121593,45.241493,0.17007744,0.16885793,0.16807058,0.16609937,0.16277876,0.15908778,0.15790485,0.15564805,0.15313001,0.15119892,0.15083852,0.14957258,0.14906245,0.14897227,0.14934626,0.1483913,0.14693028,0.14600474,0.14353701,0.14268039,0.1410464,0.14005971,0.13806716,0.13938957,0.13840021
616,2015-09-05 00:10:16,45.337025,80.0,0.17157039,45.19349,45.050808,44.909763,44.769703,44.631638,44.49225,44.353848,44.21752,44.08195,43.947563,43.814777,43.68269,43.78502,43.888798,43.994,44.100594,44.20858,44.31795,44.428715,44.540867,44.654392,44.76927,44.885475,45.002914,45.121593,0.17131084,0.17007744,0.16885793,0.16807058,0.16609937,0.16277876,0.15908778,0.15790485,0.15564805,0.15313001,0.15119892,0.15083852,0.14957258,0.14906245,0.14897227,0.14934626,0.1483913,0.14693028,0.14600474,0.14353701,0.14268039,0.1410464,0.14005971,0.13806716,0.13938957
617,2015-09-05 00:10:17,45.48303,80.0,0.1706028,45.337025,45.19349,45.050808,44.909763,44.769703,44.631638,44.49225,44.353848,44.21752,44.08195,43.947563,43.814777,43.68269,43.78502,43.888798,43.994,44.100594,44.20858,44.31795,44.428715,44.540867,44.654392,44.76927,44.885475,45.002914,0.17157039,0.17131084,0.17007744,0.16885793,0.16807058,0.16609937,0.16277876,0.15908778,0.15790485,0.15564805,0.15313001,0.15119892,0.15083852,0.14957258,0.14906245,0.14897227,0.14934626,0.1483913,0.14693028,0.14600474,0.14353701,0.14268039,0.1410464,0.14005971,0.13806716
618,2015-09-05 00:10:18,45.62996,80.0,0.1705037,45.48303,45.337025,45.19349,45.050808,44.909763,44.769703,44.631638,44.49225,44.353848,44.21752,44.08195,43.947563,43.814777,43.68269,43.78502,43.888798,43.994,44.100594,44.20858,44.31795,44.428715,44.540867,44.654392,44.76927,44.885475,0.1706028,0.17157039,0.17131084,0.17007744,0.16885793,0.16807058,0.16609937,0.16277876,0.15908778,0.15790485,0.15564805,0.15313001,0.15119892,0.15083852,0.14957258,0.14906245,0.14897227,0.14934626,0.1483913,0.14693028,0.14600474,0.14353701,0.14268039,0.1410464,0.14005971
619,2015-09-05 00:10:19,45.77835,80.0,0.17044106,45.62996,45.48303,45.337025,45.19349,45.050808,44.909763,44.769703,44.631638,44.49225,44.353848,44.21752,44.08195,43.947563,43.814777,43.68269,43.78502,43.888798,43.994,44.100594,44.20858,44.31795,44.428715,44.540867,44.654392,44.76927,0.1705037,0.1706028,0.17157039,0.17131084,0.17007744,0.16885793,0.16807058,0.16609937,0.16277876,0.15908778,0.15790485,0.15564805,0.15313001,0.15119892,0.15083852,0.14957258,0.14906245,0.14897227,0.14934626,0.1483913,0.14693028,0.14600474,0.14353701,0.14268039,0.1410464
620,2015-09-05 00:10:20,45.927696,80.0,0.17027932,45.77835,45.62996,45.48303,45.337025,45.19349,45.050808,44.909763,44.769703,44.631638,44.49225,44.353848,44.21752,44.08195,43.947563,43.814777,43.68269,43.78502,43.888798,43.994,44.100594,44.20858,44.31795,44.428715,44.540867,44.654392,0.17044106,0.1705037,0.1706028,0.17157039,0.17131084,0.17007744,0.16885793,0.16807058,0.16609937,0.16277876,0.15908778,0.15790485,0.15564805,0.15313001,0.15119892,0.15083852,0.14957258,0.14906245,0.14897227,0.14934626,0.1483913,0.14693028,0.14600474,0.14353701,0.14268039
621,2015-09-05 00:10:21,46.076668,80.0,0.16869417,45.927696,45.77835,45.62996,45.48303,45.337025,45.19349,45.050808,44.909763,44.769703,44.631638,44.49225,44.353848,44.21752,44.08195,43.947563,43.814777,43.68269,43.78502,43.888798,43.994,44.100594,44.20858,44.31795,44.428715,44.540867,0.17027932,0.17044106,0.1705037,0.1706028,0.17157039,0.17131084,0.17007744,0.16885793,0.16807058,0.16609937,0.16277876,0.15908778,0.15790485,0.15564805,0.15313001,0.15119892,0.15083852,0.14957258,0.14906245,0.14897227,0.14934626,0.1483913,0.14693028,0.14600474,0.14353701
622,2015-09-05 00:10:22,46.22573,80.0,0.16815177,46.076668,45.927696,45.77835,45.62996,45.48303,45.337025,45.19349,45.050808,44.909763,44.769703,44.631638,44.49225,44.353848,44.21752,44.08195,43.947563,43.814777,43.68269,43.78502,43.888798,43.994,44.100594,44.20858,44.31795,44.428715,0.16869417,0.17027932,0.17044106,0.1705037,0.1706028,0.17157039,0.17131084,0.17007744,0.16885793,0.16807058,0.16609937,0.16277876,0.15908778,0.15790485,0.15564805,0.15313001,0.15119892,0.15083852,0.14957258,0.14906245,0.14897227,0.14934626,0.1483913,0.14693028,0.14600474
623,2015-09-05 00:10:23,46.375305,80.0,0.1666126,46.22573,46.076668,45.927696,45.77835,45.62996,45.48303,45.337025,45.19349,45.050808,44.909763,44.769703,44.631638,44.49225,44.353848,44.21752,44.08195,43.947563,43.814777,43.68269,43.78502,43.888798,43.994,44.100594,44.20858,44.31795,0.16815177,0.16869417,0.17027932,0.17044106,0.1705037,0.1706028,0.17157039,0.17131084,0.17007744,0.16885793,0.16807058,0.16609937,0.16277876,0.15908778,0.15790485,0.15564805,0.15313001,0.15119892,0.15083852,0.14957258,0.14906245,0.14897227,0.14934626,0.1483913,0.14693028
624,2015-09-05 00:10:24,46.526142,80.0,0.16555214,46.375305,46.22573,46.076668,45.927696,45.77835,45.62996,45.48303,45.337025,45.19349,45.050808,44.909763,44.769703,44.631638,44.49225,44.353848,44.21752,44.08195,43.947563,43.814777,43.68269,43.78502,43.888798,43.994,44.100594,44.20858,0.1666126,0.16815177,0.16869417,0.17027932,0.17044106,0.1705037,0.1706028,0.17157039,0.17131084,0.17007744,0.16885793,0.16807058,0.16609937,0.16277876,0.15908778,0.15790485,0.15564805,0.15313001,0.15119892,0.15083852,0.14957258,0.14906245,0.14897227,0.14934626,0.1483913
625,2015-09-05 00:10:25,46.67734,80.0,0.16418898,46.526142,46.375305,46.22573,46.076668,45.927696,45.77835,45.62996,45.48303,45.337025,45.19349,45.050808,44.909763,44.769703,44.631638,44.49225,44.353848,44.21752,44.08195,43.947563,43.814777,43.68269,43.78502,43.888798,43.994,44.100594,0.16555214,0.1666126,0.16815177,0.16869417,0.17027932,0.17044106,0.1705037,0.1706028,0.17157039,0.17131084,0.17007744,0.16885793,0.16807058,0.16609937,0.16277876,0.15908778,0.15790485,0.15564805,0.15313001,0.15119892,0.15083852,0.14957258,0.14906245,0.14897227,0.14934626
626,2015-09-05 00:10:26,46.83047,80.0,0.1627143,46.67734,46.526142,46.375305,46.22573,46.076668,45.927696,45.77835,45.62996,45.48303,45.337025,45.19349,45.050808,44.909763,44.769703,44.631638,44.49225,44.353848,44.21752,44.08195,43.947563,43.814777,43.68269,43.78502,43.888798,43.994,0.16418898,0.16555214,0.1666126,0.16815177,0.16869417,0.17027932,0.17044106,0.1705037,0.1706028,0.17157039,0.17131084,0.17007744,0.16885793,0.16807058,0.16609937,0.16277876,0.15908778,0.15790485,0.15564805,0.15313001,0.15119892,0.15083852,0.14957258,0.14906245,0.14897227
627,2015-09-05 00:10:27,46.98612,80.0,0.1617598,46.83047,46.67734,46.526142,46.375305,46.22573,46.076668,45.927696,45.77835,45.62996,45.48303,45.337025,45.19349,45.050808,44.909763,44.769703,44.631638,44.49225,44.353848,44.21752,44.08195,43.947563,43.814777,43.68269,43.78502,43.888798,0.1627143,0.16418898,0.16555214,0.1666126,0.16815177,0.16869417,0.17027932,0.17044106,0.1705037,0.1706028,0.17157039,0.17131084,0.17007744,0.16885793,0.16807058,0.16609937,0.16277876,0.15908778,0.15790485,0.15564805,0.15313001,0.15119892,0.15083852,0.14957258,0.14906245
628,2015-09-05 00:10:28,47.144024,80.0,0.16036129,46.98612,46.83047,46.67734,46.526142,46.375305,46.22573,46.076668,45.927696,45.77835,45.62996,45.48303,45.337025,45.19349,45.050808,44.909763,44.769703,44.631638,44.49225,44.353848,44.21752,44.08195,43.947563,43.814777,43.68269,43.78502,0.1617598,0.1627143,0.16418898,0.16555214,0.1666126,0.16815177,0.16869417,0.17027932,0.17044106,0.1705037,0.1706028,0.17157039,0.17131084,0.17007744,0.16885793,0.16807058,0.16609937,0.16277876,0.15908778,0.15790485,0.15564805,0.15313001,0.15119892,0.15083852,0.14957258
629,2015-09-05 00:10:29,47.303112,80.0,0.15848085,47.144024,46.98612,46.83047,46.67734,46.526142,46.375305,46.22573,46.076668,45.927696,45.77835,45.62996,45.48303,45.337025,45.19349,45.050808,44.909763,44.769703,44.631638,44.49225,44.353848,44.21752,44.08195,43.947563,43.814777,43.68269,0.16036129,0.1617598,0.1627143,0.16418898,0.16555214,0.1666126,0.16815177,0.16869417,0.17027932,0.17044106,0.1705037,0.1706028,0.17157039,0.17131084,0.17007744,0.16885793,0.16807058,0.16609937,0.16277876,0.15908778,0.15790485,0.15564805,0.15313001,0.15119892,0.15083852
630,2015-09-05 00:10:30,47.46589,80.0,0.15755525,47.303112,47.144024,46.98612,46.83047,46.67734,46.526142,46.375305,46.22573,46.076668,45.927696,45.77835,45.62996,45.48303,45.337025,45.19349,45.050808,44.909763,44.769703,44.631638,44.49225,44.353848,44.21752,44.08195,43.947563,43.814777,0.15848085,0.16036129,0.1617598,0.1627143,0.16418898,0.16555214,0.1666126,0.16815177,0.16869417,0.17027932,0.17044106,0.1705037,0.1706028,0.17157039,0.17131084,0.17007744,0.16885793,0.16807058,0.16609937,0.16277876,0.15908778,0.15790485,0.15564805,0.15313001,0.15119892
631,2015-09-05 00:10:31,47.63199,80.0,0.15659598,47.46589,47.303112,47.144024,46.98612,46.83047,46.67734,46.526142,46.375305,46.22573,46.076668,45.927696,45.77835,45.62996,45.48303,45.337025,45.19349,45.050808,44.909763,44.769703,44.631638,44.49225,44.353848,44.21752,44.08195,43.947563,0.15755525,0.15848085,0.16036129,0.1617598,0.1627143,0.16418898,0.16555214,0.1666126,0.16815177,0.16869417,0.17027932,0.17044106,0.1705037,0.1706028,0.17157039,0.17131084,0.17007744,0.16885793,0.16807058,0.16609937,0.16277876,0.15908778,0.15790485,0.15564805,0.15313001
632,2015-09-05 00:10:32,47.80006,80.0,0.15569875,47.63199,47.46589,47.303112,47.144024,46.98612,46.83047,46.67734,46.526142,46.375305,46.22573,46.076668,45.927696,45.77835,45.62996,45.48303,45.337025,45.19349,45.050808,44.909763,44.769703,44.631638,44.49225,44.353848,44.21752,44.08195,0.15659598,0.15755525,0.15848085,0.16036129,0.1617598,0.1627143,0.16418898,0.16555214,0.1666126,0.16815177,0.16869417,0.17027932,0.17044106,0.1705037,0.1706028,0.17157039,0.17131084,0.17007744,0.16885793,0.16807058,0.16609937,0.16277876,0.15908778,0.15790485,0.15564805
633,2015-09-05 00:10:33,47.968918,80.0,0.15480784,47.80006,47.63199,47.46589,47.303112,47.144024,46.98612,46.83047,46.67734,46.526142,46.375305,46.22573,46.076668,45.927696,45.77835,45.62996,45.48303,45.337025,45.19349,45.050808,44.909763,44.769703,44.631638,44.49225,44.353848,44.21752,0.15569875,0.15659598,0.15755525,0.15848085,0.16036129,0.1617598,0.1627143,0.16418898,0.16555214,0.1666126,0.16815177,0.16869417,0.17027932,0.17044106,0.1705037,0.1706028,0.17157039,0.17131084,0.17007744,0.16885793,0.16807058,0.16609937,0.16277876,0.15908778,0.15790485
634,2015-09-05 00:10:34,48.138996,80.0,0.15388381,47.968918,47.80006,47.63199,47.46589,47.303112,47.144024,46.98612,46.83047,46.67734,46.526142,46.375305,46.22573,46.076668,45.927696,45.77835,45.62996,45.48303,45.337025,45.19349,45.050808,44.909763,44.769703,44.631638,44.49225,44.353848,0.15480784,0.15569875,0.15659598,0.15755525,0.15848085,0.16036129,0.1617598,0.1627143,0.16418898,0.16555214,0.1666126,0.16815177,0.16869417,0.17027932,0.17044106,0.1705037,0.1706028,0.17157039,0.17131084,0.17007744,0.16885793,0.16807058,0.16609937,0.16277876,0.15908778
635,2015-09-05 00:10:35,48.310307,80.0,0.15295428,48.138996,47.968918,47.80006,47.63199,47.46589,47.303112,47.144024,46.98612,46.83047,46.67734,46.526142,46.375305,46.22573,46.076668,45.927696,45.77835,45.62996,45.48303,45.337025,45.19349,45.050808,44.909763,44.769703,44.631638,44.49225,0.15388381,0.15480784,0.15569875,0.15659598,0.15755525,0.15848085,0.16036129,0.1617598,0.1627143,0.16418898,0.16555214,0.1666126,0.16815177,0.16869417,0.17027932,0.17044106,0.1705037,0.1706028,0.17157039,0.17131084,0.17007744,0.16885793,0.16807058,0.16609937,0.16277876
636,2015-09-05 00:10:36,48.481876,80.0,0.15204811,48.310307,48.138996,47.968918,47.80006,47.63199,47.46589,47.303112,47.144024,46.98612,46.83047,46.67734,46.526142,46.375305,46.22573,46.076668,45.927696,45.77835,45.62996,45.48303,45.337025,45.19349,45.050808,44.909763,44.769703,44.631638,0.15295428,0.15388381,0.15480784,0.15569875,0.15659598,0.15755525,0.15848085,0.16036129,0.1617598,0.1627143,0.16418898,0.16555214,0.1666126,0.16815177,0.16869417,0.17027932,0.17044106,0.1705037,0.1706028,0.17157039,0.17131084,0.17007744,0.16885793,0.16807058,0.16609937
637,2015-09-05 00:10:37,48.65248,80.0,0.15111917,48.481876,48.310307,48.138996,47.968918,47.80006,47.63199,47.46589,47.303112,47.144024,46.98612,46.83047,46.67734,46.526142,46.375305,46.22573,46.076668,45.927696,45.77835,45.62996,45.48303,45.337025,45.19349,45.050808,44.909763,44.769703,0.15204811,0.15295428,0.15388381,0.15480784,0.15569875,0.15659598,0.15755525,0.15848085,0.16036129,0.1617598,0.1627143,0.16418898,0.16555214,0.1666126,0.16815177,0.16869417,0.17027932,0.17044106,0.1705037,0.1706028,0.17157039,0.17131084,0.17007744,0.16885793,0.16807058
638,2015-09-05 00:10:38,48.822987,80.0,0.15013096,48.65248,48.481876,48.310307,48.138996,47.968918,47.80006,47.63199,47.46589,47.303112,47.144024,46.98612,46.83047,46.67734,46.526142,46.375305,46.22573,46.076668,45.927696,45.77835,45.62996,45.48303,45.337025,45.19349,45.050808,44.909763,0.15111917,0.15204811,0.15295428,0.15388381,0.15480784,0.15569875,0.15659598,0.15755525,0.15848085,0.16036129,0.1617598,0.1627143,0.16418898,0.16555214,0.1666126,0.16815177,0.16869417,0.17027932,0.17044106,0.1705037,0.1706028,0.17157039,0.17131084,0.17007744,0.16885793
639,2015-09-05 00:10:39,48.993427,80.0,0.14911824,48.822987,48.65248,48.481876,48.310307,48.138996,47.968918,47.80006,47.63199,47.46589,47.303112,47.144024,46.98612,46.83047,46.67734,46.526142,46.375305,46.22573,46.076668,45.927696,45.77835,45.62996,45.48303,45.337025,45.19349,45.050808,0.15013096,0.15111917,0.15204811,0.15295428,0.15388381,0.15480784,0.15569875,0.15659598,0.15755525,0.15848085,0.16036129,0.1617598,0.1627143,0.16418898,0.16555214,0.1666126,0.16815177,0.16869417,0.17027932,0.17044106,0.1705037,0.1706028,0.17157039,0.17131084,0.17007744
640,2015-09-05 00:10:40,49.163708,80.0,0.14809227,48.993427,48.822987,48.65248,48.481876,48.310307,48.138996,47.968918,47.80006,47.63199,47.46589,47.303112,47.144024,46.98612,46.83047,46.67734,46.526142,46.375305,46.22573,46.076668,45.927696,45.77835,45.62996,45.48303,45.337025,45.19349,0.14911824,0.15013096,0.15111917,0.15204811,0.15295428,0.15388381,0.15480784,0.15569875,0.15659598,0.15755525,0.15848085,0.16036129,0.1617598,0.1627143,0.16418898,0.16555214,0.1666126,0.16815177,0.16869417,0.17027932,0.17044106,0.1705037,0.1706028,0.17157039,0.17131084
641,2015-09-05 00:10:41,49.3324,80.0,0.1470556,49.163708,48.993427,48.822987,48.65248,48.481876,48.310307,48.138996,47.968918,47.80006,47.63199,47.46589,47.303112,47.144024,46.98612,46.83047,46.67734,46.526142,46.375305,46.22573,46.076668,45.927696,45.77835,45.62996,45.48303,45.337025,0.14809227,0.14911824,0.15013096,0.15111917,0.15204811,0.15295428,0.15388381,0.15480784,0.15569875,0.15659598,0.15755525,0.15848085,0.16036129,0.1617598,0.1627143,0.16418898,0.16555214,0.1666126,0.16815177,0.16869417,0.17027932,0.17044106,0.1705037,0.1706028,0.17157039
642,2015-09-05 00:10:42,49.500553,80.0,0.1459553,49.3324,49.163708,48.993427,48.822987,48.65248,48.481876,48.310307,48.138996,47.968918,47.80006,47.63199,47.46589,47.303112,47.144024,46.98612,46.83047,46.67734,46.526142,46.375305,46.22573,46.076668,45.927696,45.77835,45.62996,45.48303,0.1470556,0.14809227,0.14911824,0.15013096,0.15111917,0.15204811,0.15295428,0.15388381,0.15480784,0.15569875,0.15659598,0.15755525,0.15848085,0.16036129,0.1617598,0.1627143,0.16418898,0.16555214,0.1666126,0.16815177,0.16869417,0.17027932,0.17044106,0.1705037,0.1706028
643,2015-09-05 00:10:43,49.667164,80.0,0.14482284,49.500553,49.3324,49.163708,48.993427,48.822987,48.65248,48.481876,48.310307,48.138996,47.968918,47.80006,47.63199,47.46589,47.303112,47.144024,46.98612,46.83047,46.67734,46.526142,46.375305,46.22573,46.076668,45.927696,45.77835,45.62996,0.1459553,0.1470556,0.14809227,0.14911824,0.15013096,0.15111917,0.15204811,0.15295428,0.15388381,0.15480784,0.15569875,0.15659598,0.15755525,0.15848085,0.16036129,0.1617598,0.1627143,0.16418898,0.16555214,0.1666126,0.16815177,0.16869417,0.17027932,0.17044106,0.1705037
644,2015-09-05 00:10:44,49.832718,80.0,0.14368446,49.667164,49.500553,49.3324,49.163708,48.993427,48.822987,48.65248,48.481876,48.310307,48.138996,47.968918,47.80006,47.63199,47.46589,47.303112,47.144024,46.98612,46.83047,46.67734,46.526142,46.375305,46.22573,46.076668,45.927696,45.77835,0.14482284,0.1459553,0.1470556,0.14809227,0.14911824,0.15013096,0.15111917,0.15204811,0.15295428,0.15388381,0.15480784,0.15569875,0.15659598,0.15755525,0.15848085,0.16036129,0.1617598,0.1627143,0.16418898,0.16555214,0.1666126,0.16815177,0.16869417,0.17027932,0.17044106
645,2015-09-05 00:10:45,49.996906,80.0,0.14255166,49.832718,49.667164,49.500553,49.3324,49.163708,48.993427,48.822987,48.65248,48.481876,48.310307,48.138996,47.968918,47.80006,47.63199,47.46589,47.303112,47.144024,46.98612,46.83047,46.67734,46.526142,46.375305,46.22573,46.076668,45.927696,0.14368446,0.14482284,0.1459553,0.1470556,0.14809227,0.14911824,0.15013096,0.15111917,0.15204811,0.15295428,0.15388381,0.15480784,0.15569875,0.15659598,0.15755525,0.15848085,0.16036129,0.1617598,0.1627143,0.16418898,0.16555214,0.1666126,0.16815177,0.16869417,0.17027932
646,2015-09-05 00:10:46,50.159622,80.0,0.14136097,49.996906,49.832718,49.667164,49.500553,49.3324,49.163708,48.993427,48.822987,48.65248,48.481876,48.310307,48.138996,47.968918,47.80006,47.63199,47.46589,47.303112,47.144024,46.98612,46.83047,46.67734,46.526142,46.375305,46.22573,46.076668,0.14255166,0.14368446,0.14482284,0.1459553,0.1470556,0.14809227,0.14911824,0.15013096,0.15111917,0.15204811,0.15295428,0.15388381,0.15480784,0.15569875,0.15659598,0.15755525,0.15848085,0.16036129,0.1617598,0.1627143,0.16418898,0.16555214,0.1666126,0.16815177,0.16869417
647,2015-09-05 00:10:47,50.32138,80.0,0.14014797,50.159622,49.996906,49.832718,49.667164,49.500553,49.3324,49.163708,48.993427,48.822987,48.65248,48.481876,48.310307,48.138996,47.968918,47.80006,47.63199,47.46589,47.303112,47.144024,46.98612,46.83047,46.67734,46.526142,46.375305,46.22573,0.14136097,0.14255166,0.14368446,0.14482284,0.1459553,0.1470556,0.14809227,0.14911824,0.15013096,0.15111917,0.15204811,0.15295428,0.15388381,0.15480784,0.15569875,0.15659598,0.15755525,0.15848085,0.16036129,0.1617598,0.1627143,0.16418898,0.16555214,0.1666126,0.16815177
648,2015-09-05 00:10:48,50.481743,80.0,0.13892229,50.32138,50.159622,49.996906,49.832718,49.667164,49.500553,49.3324,49.163708,48.993427,48.822987,48.65248,48.481876,48.310307,48.138996,47.968918,47.80006,47.63199,47.46589,47.303112,47.144024,46.98612,46.83047,46.67734,46.526142,46.375305,0.14014797,0.14136097,0.14255166,0.14368446,0.14482284,0.1459553,0.1470556,0.14809227,0.14911824,0.15013096,0.15111917,0.15204811,0.15295428,0.15388381,0.15480784,0.15569875,0.15659598,0.15755525,0.15848085,0.16036129,0.1617598,0.1627143,0.16418898,0.16555214,0.1666126
649,2015-09-05 00:10:49,50.640224,80.0,0.13770725,50.481743,50.32138,50.159622,49.996906,49.832718,49.667164,49.500553,49.3324,49.163708,48.993427,48.822987,48.65248,48.481876,48.310307,48.138996,47.968918,47.80006,47.63199,47.46589,47.303112,47.144024,46.98612,46.83047,46.67734,46.526142,0.13892229,0.14014797,0.14136097,0.14255166,0.14368446,0.14482284,0.1459553,0.1470556,0.14809227,0.14911824,0.15013096,0.15111917,0.15204811,0.15295428,0.15388381,0.15480784,0.15569875,0.15659598,0.15755525,0.15848085,0.16036129,0.1617598,0.1627143,0.16418898,0.16555214
650,2015-09-05 00:10:50,50.79778,80.0,0.13646466,50.640224,50.481743,50.32138,50.159622,49.996906,49.832718,49.667164,49.500553,49.3324,49.163708,48.993427,48.822987,48.65248,48.481876,48.310307,48.138996,47.968918,47.80006,47.63199,47.46589,47.303112,47.144024,46.98612,46.83047,46.67734,0.13770725,0.13892229,0.14014797,0.14136097,0.14255166,0.14368446,0.14482284,0.1459553,0.1470556,0.14809227,0.14911824,0.15013096,0.15111917,0.15204811,0.15295428,0.15388381,0.15480784,0.15569875,0.15659598,0.15755525,0.15848085,0.16036129,0.1617598,0.1627143,0.16418898
651,2015-09-05 00:10:51,50.954376,80.0,0.13520496,50.79778,50.640224,50.481743,50.32138,50.159622,49.996906,49.832718,49.667164,49.500553,49.3324,49.163708,48.993427,48.822987,48.65248,48.481876,48.310307,48.138996,47.968918,47.80006,47.63199,47.46589,47.303112,47.144024,46.98612,46.83047,0.13646466,0.13770725,0.13892229,0.14014797,0.14136097,0.14255166,0.14368446,0.14482284,0.1459553,0.1470556,0.14809227,0.14911824,0.15013096,0.15111917,0.15204811,0.15295428,0.15388381,0.15480784,0.15569875,0.15659598,0.15755525,0.15848085,0.16036129,0.1617598,0.1627143
652,2015-09-05 00:10:52,51.110073,80.0,0.1339646,50.954376,50.79778,50.640224,50.481743,50.32138,50.159622,49.996906,49.832718,49.667164,49.500553,49.3324,49.163708,48.993427,48.822987,48.65248,48.481876,48.310307,48.138996,47.968918,47.80006,47.63199,47.46589,47.303112,47.144024,46.98612,0.13520496,0.13646466,0.13770725,0.13892229,0.14014797,0.14136097,0.14255166,0.14368446,0.14482284,0.1459553,0.1470556,0.14809227,0.14911824,0.15013096,0.15111917,0.15204811,0.15295428,0.15388381,0.15480784,0.15569875,0.15659598,0.15755525,0.15848085,0.16036129,0.1617598
653,2015-09-05 00:10:53,51.26488,80.0,0.13274646,51.110073,50.954376,50.79778,50.640224,50.481743,50.32138,50.159622,49.996906,49.832718,49.667164,49.500553,49.3324,49.163708,48.993427,48.822987,48.65248,48.481876,48.310307,48.138996,47.968918,47.80006,47.63199,47.46589,47.303112,47.144024,0.1339646,0.13520496,0.13646466,0.13770725,0.13892229,0.14014797,0.14136097,0.14255166,0.14368446,0.14482284,0.1459553,0.1470556,0.14809227,0.14911824,0.15013096,0.15111917,0.15204811,0.15295428,0.15388381,0.15480784,0.15569875,0.15659598,0.15755525,0.15848085,0.16036129
654,2015-09-05 00:10:54,51.418766,80.0,0.13151334,51.26488,51.110073,50.954376,50.79778,50.640224,50.481743,50.32138,50.159622,49.996906,49.832718,49.667164,49.500553,49.3324,49.163708,48.993427,48.822987,48.65248,48.481876,48.310307,48.138996,47.968918,47.80006,47.63199,47.46589,47.303112,0.13274646,0.1339646,0.13520496,0.13646466,0.13770725,0.13892229,0.14014797,0.14136097,0.14255166,0.14368446,0.14482284,0.1459553,0.1470556,0.14809227,0.14911824,0.15013096,0.15111917,0.15204811,0.15295428,0.15388381,0.15480784,0.15569875,0.15659598,0.15755525,0.15848085
655,2015-09-05 00:10:55,51.57172,80.0,0.1302969,51.418766,51.26488,51.110073,50.954376,50.79778,50.640224,50.481743,50.32138,50.159622,49.996906,49.832718,49.667164,49.500553,49.3324,49.163708,48.993427,48.822987,48.65248,48.481876,48.310307,48.138996,47.968918,47.80006,47.63199,47.46589,0.13151334,0.13274646,0.1339646,0.13520496,0.13646466,0.13770725,0.13892229,0.14014797,0.14136097,0.14255166,0.14368446,0.14482284,0.1459553,0.1470556,0.14809227,0.14911824,0.15013096,0.15111917,0.15204811,0.15295428,0.15388381,0.15480784,0.15569875,0.15659598,0.15755525
656,2015-09-05 00:10:56,51.72377,80.0,0.12909491,51.57172,51.418766,51.26488,51.110073,50.954376,50.79778,50.640224,50.481743,50.32138,50.159622,49.996906,49.832718,49.667164,49.500553,49.3324,49.163708,48.993427,48.822987,48.65248,48.481876,48.310307,48.138996,47.968918,47.80006,47.63199,0.1302969,0.13151334,0.13274646,0.1339646,0.13520496,0.13646466,0.13770725,0.13892229,0.14014797,0.14136097,0.14255166,0.14368446,0.14482284,0.1459553,0.1470556,0.14809227,0.14911824,0.15013096,0.15111917,0.15204811,0.15295428,0.15388381,0.15480784,0.15569875,0.15659598
657,2015-09-05 00:10:57,51.87489,80.0,0.12792163,51.72377,51.57172,51.418766,51.26488,51.110073,50.954376,50.79778,50.640224,50.481743,50.32138,50.159622,49.996906,49.832718,49.667164,49.500553,49.3324,49.163708,48.993427,48.822987,48.65248,48.481876,48.310307,48.138996,47.968918,47.80006,0.12909491,0.1302969,0.13151334,0.13274646,0.1339646,0.13520496,0.13646466,0.13770725,0.13892229,0.14014797,0.14136097,0.14255166,0.14368446,0.14482284,0.1459553,0.1470556,0.14809227,0.14911824,0.15013096,0.15111917,0.15204811,0.15295428,0.15388381,0.15480784,0.15569875
658,2015-09-05 00:10:58,52.02502,80.0,0.1267483,51.87489,51.72377,51.57172,51.418766,51.26488,51.110073,50.954376,50.79778,50.640224,50.481743,50.32138,50.159622,49.996906,49.832718,49.667164,49.500553,49.3324,49.163708,48.993427,48.822987,48.65248,48.481876,48.310307,48.138996,47.968918,0.12792163,0.12909491,0.1302969,0.13151334,0.13274646,0.1339646,0.13520496,0.13646466,0.13770725,0.13892229,0.14014797,0.14136097,0.14255166,0.14368446,0.14482284,0.1459553,0.1470556,0.14809227,0.14911824,0.15013096,0.15111917,0.15204811,0.15295428,0.15388381,0.15480784
659,2015-09-05 00:10:59,52.174137,80.0,0.1255917,52.02502,51.87489,51.72377,51.57172,51.418766,51.26488,51.110073,50.954376,50.79778,50.640224,50.481743,50.32138,50.159622,49.996906,49.832718,49.667164,49.500553,49.3324,49.163708,48.993427,48.822987,48.65248,48.481876,48.310307,48.138996,0.1267483,0.12792163,0.12909491,0.1302969,0.13151334,0.13274646,0.1339646,0.13520496,0.13646466,0.13770725,0.13892229,0.14014797,0.14136097,0.14255166,0.14368446,0.14482284,0.1459553,0.1470556,0.14809227,0.14911824,0.15013096,0.15111917,0.15204811,0.15295428,0.15388381
660,2015-09-05 00:11:00,52.322227,80.0,0.12444842,52.174137,52.02502,51.87489,51.72377,51.57172,51.418766,51.26488,51.110073,50.954376,50.79778,50.640224,50.481743,50.32138,50.159622,49.996906,49.832718,49.667164,49.500553,49.3324,49.163708,48.993427,48.822987,48.65248,48.481876,48.310307,0.1255917,0.1267483,0.12792163,0.12909491,0.1302969,0.13151334,0.13274646,0.1339646,0.13520496,0.13646466,0.13770725,0.13892229,0.14014797,0.14136097,0.14255166,0.14368446,0.14482284,0.1459553,0.1470556,0.14809227,0.14911824,0.15013096,0.15111917,0.15204811,0.15295428
661,2015-09-05 00:11:01,52.469284,80.0,0.12332602,52.322227,52.174137,52.02502,51.87489,51.72377,51.57172,51.418766,51.26488,51.110073,50.954376,50.79778,50.640224,50.481743,50.32138,50.159622,49.996906,49.832718,49.667164,49.500553,49.3324,49.163708,48.993427,48.822987,48.65248,48.481876,0.12444842,0.1255917,0.1267483,0.12792163,0.12909491,0.1302969,0.13151334,0.13274646,0.1339646,0.13520496,0.13646466,0.13770725,0.13892229,0.14014797,0.14136097,0.14255166,0.14368446,0.14482284,0.1459553,0.1470556,0.14809227,0.14911824,0.15013096,0.15111917,0.15204811
662,2015-09-05 00:11:02,52.61524,80.0,0.122201264,52.469284,52.322227,52.174137,52.02502,51.87489,51.72377,51.57172,51.418766,51.26488,51.110073,50.954376,50.79778,50.640224,50.481743,50.32138,50.159622,49.996906,49.832718,49.667164,49.500553,49.3324,49.163708,48.993427,48.822987,48.65248,0.12332602,0.12444842,0.1255917,0.1267483,0.12792163,0.12909491,0.1302969,0.13151334,0.13274646,0.1339646,0.13520496,0.13646466,0.13770725,0.13892229,0.14014797,0.14136097,0.14255166,0.14368446,0.14482284,0.1459553,0.1470556,0.14809227,0.14911824,0.15013096,0.15111917
663,2015-09-05 00:11:03,52.76006,80.0,0.12107977,52.61524,52.469284,52.322227,52.174137,52.02502,51.87489,51.72377,51.57172,51.418766,51.26488,51.110073,50.954376,50.79778,50.640224,50.481743,50.32138,50.159622,49.996906,49.832718,49.667164,49.500553,49.3324,49.163708,48.993427,48.822987,0.122201264,0.12332602,0.12444842,0.1255917,0.1267483,0.12792163,0.12909491,0.1302969,0.13151334,0.13274646,0.1339646,0.13520496,0.13646466,0.13770725,0.13892229,0.14014797,0.14136097,0.14255166,0.14368446,0.14482284,0.1459553,0.1470556,0.14809227,0.14911824,0.15013096
664,2015-09-05 00:11:04,52.903744,80.0,0.11997178,52.76006,52.61524,52.469284,52.322227,52.174137,52.02502,51.87489,51.72377,51.57172,51.418766,51.26488,51.110073,50.954376,50.79778,50.640224,50.481743,50.32138,50.159622,49.996906,49.832718,49.667164,49.500553,49.3324,49.163708,48.993427,0.12107977,0.122201264,0.12332602,0.12444842,0.1255917,0.1267483,0.12792163,0.12909491,0.1302969,0.13151334,0.13274646,0.1339646,0.13520496,0.13646466,0.13770725,0.13892229,0.14014797,0.14136097,0.14255166,0.14368446,0.14482284,0.1459553,0.1470556,0.14809227,0.14911824
665,2015-09-05 00:11:05,53.046295,80.0,0.11887419,52.903744,52.76006,52.61524,52.469284,52.322227,52.174137,52.02502,51.87489,51.72377,51.57172,51.418766,51.26488,51.110073,50.954376,50.79778,50.640224,50.481743,50.32138,50.159622,49.996906,49.832718,49.667164,49.500553,49.3324,49.163708,0.11997178,0.12107977,0.122201264,0.12332602,0.12444842,0.1255917,0.1267483,0.12792163,0.12909491,0.1302969,0.13151334,0.13274646,0.1339646,0.13520496,0.13646466,0.13770725,0.13892229,0.14014797,0.14136097,0.14255166,0.14368446,0.14482284,0.1459553,0.1470556,0.14809227
666,2015-09-05 00:11:06,53.187656,80.0,0.117778435,53.046295,52.903744,52.76006,52.61524,52.469284,52.322227,52.174137,52.02502,51.87489,51.72377,51.57172,51.418766,51.26488,51.110073,50.954376,50.79778,50.640224,50.481743,50.32138,50.159622,49.996906,49.832718,49.667164,49.500553,49.3324,0.11887419,0.11997178,0.12107977,0.122201264,0.12332602,0.12444842,0.1255917,0.1267483,0.12792163,0.12909491,0.1302969,0.13151334,0.13274646,0.1339646,0.13520496,0.13646466,0.13770725,0.13892229,0.14014797,0.14136097,0.14255166,0.14368446,0.14482284,0.1459553,0.1470556
667,2015-09-05 00:11:07,53.327805,80.0,0.11669336,53.187656,53.046295,52.903744,52.76006,52.61524,52.469284,52.322227,52.174137,52.02502,51.87489,51.72377,51.57172,51.418766,51.26488,51.110073,50.954376,50.79778,50.640224,50.481743,50.32138,50.159622,49.996906,49.832718,49.667164,49.500553,0.117778435,0.11887419,0.11997178,0.12107977,0.122201264,0.12332602,0.12444842,0.1255917,0.1267483,0.12792163,0.12909491,0.1302969,0.13151334,0.13274646,0.1339646,0.13520496,0.13646466,0.13770725,0.13892229,0.14014797,0.14136097,0.14255166,0.14368446,0.14482284,0.1459553
668,2015-09-05 00:11:08,53.46673,80.0,0.11560841,53.327805,53.187656,53.046295,52.903744,52.76006,52.61524,52.469284,52.322227,52.174137,52.02502,51.87489,51.72377,51.57172,51.418766,51.26488,51.110073,50.954376,50.79778,50.640224,50.481743,50.32138,50.159622,49.996906,49.832718,49.667164,0.11669336,0.117778435,0.11887419,0.11997178,0.12107977,0.122201264,0.12332602,0.12444842,0.1255917,0.1267483,0.12792163,0.12909491,0.1302969,0.13151334,0.13274646,0.1339646,0.13520496,0.13646466,0.13770725,0.13892229,0.14014797,0.14136097,0.14255166,0.14368446,0.14482284
669,2015-09-05 00:11:09,53.604435,80.0,0.11453128,53.46673,53.327805,53.187656,53.046295,52.903744,52.76006,52.61524,52.469284,52.322227,52.174137,52.02502,51.87489,51.72377,51.57172,51.418766,51.26488,51.110073,50.954376,50.79778,50.640224,50.481743,50.32138,50.159622,49.996906,49.832718,0.11560841,0.11669336,0.117778435,0.11887419,0.11997178,0.12107977,0.122201264,0.12332602,0.12444842,0.1255917,0.1267483,0.12792163,0.12909491,0.1302969,0.13151334,0.13274646,0.1339646,0.13520496,0.13646466,0.13770725,0.13892229,0.14014797,0.14136097,0.14255166,0.14368446
670,2015-09-05 00:11:10,53.7409,80.0,0.11345923,53.604435,53.46673,53.327805,53.187656,53.046295,52.903744,52.76006,52.61524,52.469284,52.322227,52.174137,52.02502,51.87489,51.72377,51.57172,51.418766,51.26488,51.110073,50.954376,50.79778,50.640224,50.481743,50.32138,50.159622,49.996906,0.11453128,0.11560841,0.11669336,0.117778435,0.11887419,0.11997178,0.12107977,0.122201264,0.12332602,0.12444842,0.1255917,0.1267483,0.12792163,0.12909491,0.1302969,0.13151334,0.13274646,0.1339646,0.13520496,0.13646466,0.13770725,0.13892229,0.14014797,0.14136097,0.14255166
671,2015-09-05 00:11:11,53.876102,80.0,0.112389565,53.7409,53.604435,53.46673,53.327805,53.187656,53.046295,52.903744,52.76006,52.61524,52.469284,52.322227,52.174137,52.02502,51.87489,51.72377,51.57172,51.418766,51.26488,51.110073,50.954376,50.79778,50.640224,50.481743,50.32138,50.159622,0.11345923,0.11453128,0.11560841,0.11669336,0.117778435,0.11887419,0.11997178,0.12107977,0.122201264,0.12332602,0.12444842,0.1255917,0.1267483,0.12792163,0.12909491,0.1302969,0.13151334,0.13274646,0.1339646,0.13520496,0.13646466,0.13770725,0.13892229,0.14014797,0.14136097
672,2015-09-05 00:11:12,54.010067,80.0,0.11132783,53.876102,53.7409,53.604435,53.46673,53.327805,53.187656,53.046295,52.903744,52.76006,52.61524,52.469284,52.322227,52.174137,52.02502,51.87489,51.72377,51.57172,51.418766,51.26488,51.110073,50.954376,50.79778,50.640224,50.481743,50.32138,0.112389565,0.11345923,0.11453128,0.11560841,0.11669336,0.117778435,0.11887419,0.11997178,0.12107977,0.122201264,0.12332602,0.12444842,0.1255917,0.1267483,0.12792163,0.12909491,0.1302969,0.13151334,0.13274646,0.1339646,0.13520496,0.13646466,0.13770725,0.13892229,0.14014797
673,2015-09-05 00:11:13,54.142815,80.0,0.11027223,54.010067,53.876102,53.7409,53.604435,53.46673,53.327805,53.187656,53.046295,52.903744,52.76006,52.61524,52.469284,52.322227,52.174137,52.02502,51.87489,51.72377,51.57172,51.418766,51.26488,51.110073,50.954376,50.79778,50.640224,50.481743,0.11132783,0.112389565,0.11345923,0.11453128,0.11560841,0.11669336,0.117778435,0.11887419,0.11997178,0.12107977,0.122201264,0.12332602,0.12444842,0.1255917,0.1267483,0.12792163,0.12909491,0.1302969,0.13151334,0.13274646,0.1339646,0.13520496,0.13646466,0.13770725,0.13892229
674,2015-09-05 00:11:14,54.274326,80.0,0.10922012,54.142815,54.010067,53.876102,53.7409,53.604435,53.46673,53.327805,53.187656,53.046295,52.903744,52.76006,52.61524,52.469284,52.322227,52.174137,52.02502,51.87489,51.72377,51.57172,51.418766,51.26488,51.110073,50.954376,50.79778,50.640224,0.11027223,0.11132783,0.112389565,0.11345923,0.11453128,0.11560841,0.11669336,0.117778435,0.11887419,0.11997178,0.12107977,0.122201264,0.12332602,0.12444842,0.1255917,0.1267483,0.12792163,0.12909491,0.1302969,0.13151334,0.13274646,0.1339646,0.13520496,0.13646466,0.13770725
675,2015-09-05 00:11:15,54.404625,80.0,0.108175665,54.274326,54.142815,54.010067,53.876102,53.7409,53.604435,53.46673,53.327805,53.187656,53.046295,52.903744,52.76006,52.61524,52.469284,52.322227,52.174137,52.02502,51.87489,51.72377,51.57172,51.418766,51.26488,51.110073,50.954376,50.79778,0.10922012,0.11027223,0.11132783,0.112389565,0.11345923,0.11453128,0.11560841,0.11669336,0.117778435,0.11887419,0.11997178,0.12107977,0.122201264,0.12332602,0.12444842,0.1255917,0.1267483,0.12792163,0.12909491,0.1302969,0.13151334,0.13274646,0.1339646,0.13520496,0.13646466
676,2015-09-05 00:11:16,54.53372,80.0,0.107137695,54.404625,54.274326,54.142815,54.010067,53.876102,53.7409,53.604435,53.46673,53.327805,53.187656,53.046295,52.903744,52.76006,52.61524,52.469284,52.322227,52.174137,52.02502,51.87489,51.72377,51.57172,51.418766,51.26488,51.110073,50.954376,0.108175665,0.10922012,0.11027223,0.11132783,0.112389565,0.11345923,0.11453128,0.11560841,0.11669336,0.117778435,0.11887419,0.11997178,0.12107977,0.122201264,0.12332602,0.12444842,0.1255917,0.1267483,0.12792163,0.12909491,0.1302969,0.13151334,0.13274646,0.1339646,0.13520496
677,2015-09-05 00:11:17,54.66164,80.0,0.10610707,54.53372,54.404625,54.274326,54.142815,54.010067,53.876102,53.7409,53.604435,53.46673,53.327805,53.187656,53.046295,52.903744,52.76006,52.61524,52.469284,52.322227,52.174137,52.02502,51.87489,51.72377,51.57172,51.418766,51.26488,51.110073,0.107137695,0.108175665,0.10922012,0.11027223,0.11132783,0.112389565,0.11345923,0.11453128,0.11560841,0.11669336,0.117778435,0.11887419,0.11997178,0.12107977,0.122201264,0.12332602,0.12444842,0.1255917,0.1267483,0.12792163,0.12909491,0.1302969,0.13151334,0.13274646,0.1339646
678,2015-09-05 00:11:18,54.788387,80.0,0.105086,54.66164,54.53372,54.404625,54.274326,54.142815,54.010067,53.876102,53.7409,53.604435,53.46673,53.327805,53.187656,53.046295,52.903744,52.76006,52.61524,52.469284,52.322227,52.174137,52.02502,51.87489,51.72377,51.57172,51.418766,51.26488,0.10610707,0.107137695,0.108175665,0.10922012,0.11027223,0.11132783,0.112389565,0.11345923,0.11453128,0.11560841,0.11669336,0.117778435,0.11887419,0.11997178,0.12107977,0.122201264,0.12332602,0.12444842,0.1255917,0.1267483,0.12792163,0.12909491,0.1302969,0.13151334,0.13274646
679,2015-09-05 00:11:19,54.91398,80.0,0.104074016,54.788387,54.66164,54.53372,54.404625,54.274326,54.142815,54.010067,53.876102,53.7409,53.604435,53.46673,53.327805,53.187656,53.046295,52.903744,52.76006,52.61524,52.469284,52.322227,52.174137,52.02502,51.87489,51.72377,51.57172,51.418766,0.105086,0.10610707,0.107137695,0.108175665,0.10922012,0.11027223,0.11132783,0.112389565,0.11345923,0.11453128,0.11560841,0.11669336,0.117778435,0.11887419,0.11997178,0.12107977,0.122201264,0.12332602,0.12444842,0.1255917,0.1267483,0.12792163,0.12909491,0.1302969,0.13151334
680,2015-09-05 00:11:20,55.038425,80.0,0.10307029,54.91398,54.788387,54.66164,54.53372,54.404625,54.274326,54.142815,54.010067,53.876102,53.7409,53.604435,53.46673,53.327805,53.187656,53.046295,52.903744,52.76006,52.61524,52.469284,52.322227,52.174137,52.02502,51.87489,51.72377,51.57172,0.104074016,0.105086,0.10610707,0.107137695,0.108175665,0.10922012,0.11027223,0.11132783,0.112389565,0.11345923,0.11453128,0.11560841,0.11669336,0.117778435,0.11887419,0.11997178,0.12107977,0.122201264,0.12332602,0.12444842,0.1255917,0.1267483,0.12792163,0.12909491,0.1302969
681,2015-09-05 00:11:21,55.16175,80.0,0.10207562,55.038425,54.91398,54.788387,54.66164,54.53372,54.404625,54.274326,54.142815,54.010067,53.876102,53.7409,53.604435,53.46673,53.327805,53.187656,53.046295,52.903744,52.76006,52.61524,52.469284,52.322227,52.174137,52.02502,51.87489,51.72377,0.10307029,0.104074016,0.105086,0.10610707,0.107137695,0.108175665,0.10922012,0.11027223,0.11132783,0.112389565,0.11345923,0.11453128,0.11560841,0.11669336,0.117778435,0.11887419,0.11997178,0.12107977,0.122201264,0.12332602,0.12444842,0.1255917,0.1267483,0.12792163,0.12909491
682,2015-09-05 00:11:22,55.28395,80.0,0.10109103,55.16175,55.038425,54.91398,54.788387,54.66164,54.53372,54.404625,54.274326,54.142815,54.010067,53.876102,53.7409,53.604435,53.46673,53.327805,53.187656,53.046295,52.903744,52.76006,52.61524,52.469284,52.322227,52.174137,52.02502,51.87489,0.10207562,0.10307029,0.104074016,0.105086,0.10610707,0.107137695,0.108175665,0.10922012,0.11027223,0.11132783,0.112389565,0.11345923,0.11453128,0.11560841,0.11669336,0.117778435,0.11887419,0.11997178,0.12107977,0.122201264,0.12332602,0.12444842,0.1255917,0.1267483,0.12792163
683,2015-09-05 00:11:23,55.40503,80.0,0.10011603,55.28395,55.16175,55.038425,54.91398,54.788387,54.66164,54.53372,54.404625,54.274326,54.142815,54.010067,53.876102,53.7409,53.604435,53.46673,53.327805,53.187656,53.046295,52.903744,52.76006,52.61524,52.469284,52.322227,52.174137,52.02502,0.10109103,0.10207562,0.10307029,0.104074016,0.105086,0.10610707,0.107137695,0.108175665,0.10922012,0.11027223,0.11132783,0.112389565,0.11345923,0.11453128,0.11560841,0.11669336,0.117778435,0.11887419,0.11997178,0.12107977,0.122201264,0.12332602,0.12444842,0.1255917,0.1267483
684,2015-09-05 00:11:24,55.525,80.0,0.09915003,55.40503,55.28395,55.16175,55.038425,54.91398,54.788387,54.66164,54.53372,54.404625,54.274326,54.142815,54.010067,53.876102,53.7409,53.604435,53.46673,53.327805,53.187656,53.046295,52.903744,52.76006,52.61524,52.469284,52.322227,52.174137,0.10011603,0.10109103,0.10207562,0.10307029,0.104074016,0.105086,0.10610707,0.107137695,0.108175665,0.10922012,0.11027223,0.11132783,0.112389565,0.11345923,0.11453128,0.11560841,0.11669336,0.117778435,0.11887419,0.11997178,0.12107977,0.122201264,0.12332602,0.12444842,0.1255917
685,2015-09-05 00:11:25,55.643875,80.0,0.0981929,55.525,55.40503,55.28395,55.16175,55.038425,54.91398,54.788387,54.66164,54.53372,54.404625,54.274326,54.142815,54.010067,53.876102,53.7409,53.604435,53.46673,53.327805,53.187656,53.046295,52.903744,52.76006,52.61524,52.469284,52.322227,0.09915003,0.10011603,0.10109103,0.10207562,0.10307029,0.104074016,0.105086,0.10610707,0.107137695,0.108175665,0.10922012,0.11027223,0.11132783,0.112389565,0.11345923,0.11453128,0.11560841,0.11669336,0.117778435,0.11887419,0.11997178,0.12107977,0.122201264,0.12332602,0.12444842
686,2015-09-05 00:11:26,55.761654,80.0,0.09724575,55.643875,55.525,55.40503,55.28395,55.16175,55.038425,54.91398,54.788387,54.66164,54.53372,54.404625,54.274326,54.142815,54.010067,53.876102,53.7409,53.604435,53.46673,53.327805,53.187656,53.046295,52.903744,52.76006,52.61524,52.469284,0.0981929,0.09915003,0.10011603,0.10109103,0.10207562,0.10307029,0.104074016,0.105086,0.10610707,0.107137695,0.108175665,0.10922012,0.11027223,0.11132783,0.112389565,0.11345923,0.11453128,0.11560841,0.11669336,0.117778435,0.11887419,0.11997178,0.12107977,0.122201264,0.12332602
687,2015-09-05 00:11:27,55.878345,80.0,0.096307725,55.761654,55.643875,55.525,55.40503,55.28395,55.16175,55.038425,54.91398,54.788387,54.66164,54.53372,54.404625,54.274326,54.142815,54.010067,53.876102,53.7409,53.604435,53.46673,53.327805,53.187656,53.046295,52.903744,52.76006,52.61524,0.09724575,0.0981929,0.09915003,0.10011603,0.10109103,0.10207562,0.10307029,0.104074016,0.105086,0.10610707,0.107137695,0.108175665,0.10922012,0.11027223,0.11132783,0.112389565,0.11345923,0.11453128,0.11560841,0.11669336,0.117778435,0.11887419,0.11997178,0.12107977,0.122201264
688,2015-09-05 00:11:28,55.993954,80.0,0.0953784,55.878345,55.761654,55.643875,55.525,55.40503,55.28395,55.16175,55.038425,54.91398,54.788387,54.66164,54.53372,54.404625,54.274326,54.142815,54.010067,53.876102,53.7409,53.604435,53.46673,53.327805,53.187656,53.046295,52.903744,52.76006,0.096307725,0.09724575,0.0981929,0.09915003,0.10011603,0.10109103,0.10207562,0.10307029,0.104074016,0.105086,0.10610707,0.107137695,0.108175665,0.10922012,0.11027223,0.11132783,0.112389565,0.11345923,0.11453128,0.11560841,0.11669336,0.117778435,0.11887419,0.11997178,0.12107977
689,2015-09-05 00:11:29,56.108486,80.0,0.094457656,55.993954,55.878345,55.761654,55.643875,55.525,55.40503,55.28395,55.16175,55.038425,54.91398,54.788387,54.66164,54.53372,54.404625,54.274326,54.142815,54.010067,53.876102,53.7409,53.604435,53.46673,53.327805,53.187656,53.046295,52.903744,0.0953784,0.096307725,0.09724575,0.0981929,0.09915003,0.10011603,0.10109103,0.10207562,0.10307029,0.104074016,0.105086,0.10610707,0.107137695,0.108175665,0.10922012,0.11027223,0.11132783,0.112389565,0.11345923,0.11453128,0.11560841,0.11669336,0.117778435,0.11887419,0.11997178
690,2015-09-05 00:11:30,56.221947,80.0,0.09354591,56.108486,55.993954,55.878345,55.761654,55.643875,55.525,55.40503,55.28395,55.16175,55.038425,54.91398,54.788387,54.66164,54.53372,54.404625,54.274326,54.142815,54.010067,53.876102,53.7409,53.604435,53.46673,53.327805,53.187656,53.046295,0.094457656,0.0953784,0.096307725,0.09724575,0.0981929,0.09915003,0.10011603,0.10109103,0.10207562,0.10307029,0.104074016,0.105086,0.10610707,0.107137695,0.108175665,0.10922012,0.11027223,0.11132783,0.112389565,0.11345923,0.11453128,0.11560841,0.11669336,0.117778435,0.11887419
691,2015-09-05 00:11:31,56.334335,80.0,0.09264228,56.221947,56.108486,55.993954,55.878345,55.761654,55.643875,55.525,55.40503,55.28395,55.16175,55.038425,54.91398,54.788387,54.66164,54.53372,54.404625,54.274326,54.142815,54.010067,53.876102,53.7409,53.604435,53.46673,53.327805,53.187656,0.09354591,0.094457656,0.0953784,0.096307725,0.09724575,0.0981929,0.09915003,0.10011603,0.10109103,0.10207562,0.10307029,0.104074016,0.105086,0.10610707,0.107137695,0.108175665,0.10922012,0.11027223,0.11132783,0.112389565,0.11345923,0.11453128,0.11560841,0.11669336,0.117778435
692,2015-09-05 00:11:32,56.445663,80.0,0.09174749,56.334335,56.221947,56.108486,55.993954,55.878345,55.761654,55.643875,55.525,55.40503,55.28395,55.16175,55.038425,54.91398,54.788387,54.66164,54.53372,54.404625,54.274326,54.142815,54.010067,53.876102,53.7409,53.604435,53.46673,53.327805,0.09264228,0.09354591,0.094457656,0.0953784,0.096307725,0.09724575,0.0981929,0.09915003,0.10011603,0.10109103,0.10207562,0.10307029,0.104074016,0.105086,0.10610707,0.107137695,0.108175665,0.10922012,0.11027223,0.11132783,0.112389565,0.11345923,0.11453128,0.11560841,0.11669336
693,2015-09-05 00:11:33,56.555935,80.0,0.09086013,56.445663,56.334335,56.221947,56.108486,55.993954,55.878345,55.761654,55.643875,55.525,55.40503,55.28395,55.16175,55.038425,54.91398,54.788387,54.66164,54.53372,54.404625,54.274326,54.142815,54.010067,53.876102,53.7409,53.604435,53.46673,0.09174749,0.09264228,0.09354591,0.094457656,0.0953784,0.096307725,0.09724575,0.0981929,0.09915003,0.10011603,0.10109103,0.10207562,0.10307029,0.104074016,0.105086,0.10610707,0.107137695,0.108175665,0.10922012,0.11027223,0.11132783,0.112389565,0.11345923,0.11453128,0.11560841
694,2015-09-05 00:11:34,56.665154,80.0,0.08998114,56.555935,56.445663,56.334335,56.221947,56.108486,55.993954,55.878345,55.761654,55.643875,55.525,55.40503,55.28395,55.16175,55.038425,54.91398,54.788387,54.66164,54.53372,54.404625,54.274326,54.142815,54.010067,53.876102,53.7409,53.604435,0.09086013,0.09174749,0.09264228,0.09354591,0.094457656,0.0953784,0.096307725,0.09724575,0.0981929,0.09915003,0.10011603,0.10109103,0.10207562,0.10307029,0.104074016,0.105086,0.10610707,0.107137695,0.108175665,0.10922012,0.11027223,0.11132783,0.112389565,0.11345923,0.11453128
695,2015-09-05 00:11:35,56.77333,80.0,0.08911005,56.665154,56.555935,56.445663,56.334335,56.221947,56.108486,55.993954,55.878345,55.761654,55.643875,55.525,55.40503,55.28395,55.16175,55.038425,54.91398,54.788387,54.66164,54.53372,54.404625,54.274326,54.142815,54.010067,53.876102,53.7409,0.08998114,0.09086013,0.09174749,0.09264228,0.09354591,0.094457656,0.0953784,0.096307725,0.09724575,0.0981929,0.09915003,0.10011603,0.10109103,0.10207562,0.10307029,0.104074016,0.105086,0.10610707,0.107137695,0.108175665,0.10922012,0.11027223,0.11132783,0.112389565,0.11345923
696,2015-09-05 00:11:36,56.88047,80.0,0.08824614,56.77333,56.665154,56.555935,56.445663,56.334335,56.221947,56.108486,55.993954,55.878345,55.761654,55.643875,55.525,55.40503,55.28395,55.16175,55.038425,54.91398,54.788387,54.66164,54.53372,54.404625,54.274326,54.142815,54.010067,53.876102,0.08911005,0.08998114,0.09086013,0.09174749,0.09264228,0.09354591,0.094457656,0.0953784,0.096307725,0.09724575,0.0981929,0.09915003,0.10011603,0.10109103,0.10207562,0.10307029,0.104074016,0.105086,0.10610707,0.107137695,0.108175665,0.10922012,0.11027223,0.11132783,0.112389565
697,2015-09-05 00:11:37,56.986576,80.0,0.08737394,56.88047,56.77333,56.665154,56.555935,56.445663,56.334335,56.221947,56.108486,55.993954,55.878345,55.761654,55.643875,55.525,55.40503,55.28395,55.16175,55.038425,54.91398,54.788387,54.66164,54.53372,54.404625,54.274326,54.142815,54.010067,0.08824614,0.08911005,0.08998114,0.09086013,0.09174749,0.09264228,0.09354591,0.094457656,0.0953784,0.096307725,0.09724575,0.0981929,0.09915003,0.10011603,0.10109103,0.10207562,0.10307029,0.104074016,0.105086,0.10610707,0.107137695,0.108175665,0.10922012,0.11027223,0.11132783
698,2015-09-05 00:11:38,57.091663,80.0,0.086509496,56.986576,56.88047,56.77333,56.665154,56.555935,56.445663,56.334335,56.221947,56.108486,55.993954,55.878345,55.761654,55.643875,55.525,55.40503,55.28395,55.16175,55.038425,54.91398,54.788387,54.66164,54.53372,54.404625,54.274326,54.142815,0.08737394,0.08824614,0.08911005,0.08998114,0.09086013,0.09174749,0.09264228,0.09354591,0.094457656,0.0953784,0.096307725,0.09724575,0.0981929,0.09915003,0.10011603,0.10109103,0.10207562,0.10307029,0.104074016,0.105086,0.10610707,0.107137695,0.108175665,0.10922012,0.11027223
699,2015-09-05 00:11:39,57.195736,80.0,0.08565298,57.091663,56.986576,56.88047,56.77333,56.665154,56.555935,56.445663,56.334335,56.221947,56.108486,55.993954,55.878345,55.761654,55.643875,55.525,55.40503,55.28395,55.16175,55.038425,54.91398,54.788387,54.66164,54.53372,54.404625,54.274326,0.086509496,0.08737394,0.08824614,0.08911005,0.08998114,0.09086013,0.09174749,0.09264228,0.09354591,0.094457656,0.0953784,0.096307725,0.09724575,0.0981929,0.09915003,0.10011603,0.10109103,0.10207562,0.10307029,0.104074016,0.105086,0.10610707,0.107137695,0.108175665,0.10922012
700,2015-09-05 00:11:40,57.298805,80.0,0.084803924,57.195736,57.091663,56.986576,56.88047,56.77333,56.665154,56.555935,56.445663,56.334335,56.221947,56.108486,55.993954,55.878345,55.761654,55.643875,55.525,55.40503,55.28395,55.16175,55.038425,54.91398,54.788387,54.66164,54.53372,54.404625,0.08565298,0.086509496,0.08737394,0.08824614,0.08911005,0.08998114,0.09086013,0.09174749,0.09264228,0.09354591,0.094457656,0.0953784,0.096307725,0.09724575,0.0981929,0.09915003,0.10011603,0.10109103,0.10207562,0.10307029,0.104074016,0.105086,0.10610707,0.107137695,0.108175665
701,2015-09-05 00:11:41,57.400883,80.0,0.083962634,57.298805,57.195736,57.091663,56.986576,56.88047,56.77333,56.665154,56.555935,56.445663,56.334335,56.221947,56.108486,55.993954,55.878345,55.761654,55.643875,55.525,55.40503,55.28395,55.16175,55.038425,54.91398,54.788387,54.66164,54.53372,0.084803924,0.08565298,0.086509496,0.08737394,0.08824614,0.08911005,0.08998114,0.09086013,0.09174749,0.09264228,0.09354591,0.094457656,0.0953784,0.096307725,0.09724575,0.0981929,0.09915003,0.10011603,0.10109103,0.10207562,0.10307029,0.104074016,0.105086,0.10610707,0.107137695
702,2015-09-05 00:11:42,57.501972,80.0,0.08312893,57.400883,57.298805,57.195736,57.091663,56.986576,56.88047,56.77333,56.665154,56.555935,56.445663,56.334335,56.221947,56.108486,55.993954,55.878345,55.761654,55.643875,55.525,55.40503,55.28395,55.16175,55.038425,54.91398,54.788387,54.66164,0.083962634,0.084803924,0.08565298,0.086509496,0.08737394,0.08824614,0.08911005,0.08998114,0.09086013,0.09174749,0.09264228,0.09354591,0.094457656,0.0953784,0.096307725,0.09724575,0.0981929,0.09915003,0.10011603,0.10109103,0.10207562,0.10307029,0.104074016,0.105086,0.10610707
703,2015-09-05 00:11:43,57.60209,80.0,0.082303196,57.501972,57.400883,57.298805,57.195736,57.091663,56.986576,56.88047,56.77333,56.665154,56.555935,56.445663,56.334335,56.221947,56.108486,55.993954,55.878345,55.761654,55.643875,55.525,55.40503,55.28395,55.16175,55.038425,54.91398,54.788387,0.08312893,0.083962634,0.084803924,0.08565298,0.086509496,0.08737394,0.08824614,0.08911005,0.08998114,0.09086013,0.09174749,0.09264228,0.09354591,0.094457656,0.0953784,0.096307725,0.09724575,0.0981929,0.09915003,0.10011603,0.10109103,0.10207562,0.10307029,0.104074016,0.105086
704,2015-09-05 00:11:44,57.70124,80.0,0.08148517,57.60209,57.501972,57.400883,57.298805,57.195736,57.091663,56.986576,56.88047,56.77333,56.665154,56.555935,56.445663,56.334335,56.221947,56.108486,55.993954,55.878345,55.761654,55.643875,55.525,55.40503,55.28395,55.16175,55.038425,54.91398,0.082303196,0.08312893,0.083962634,0.084803924,0.08565298,0.086509496,0.08737394,0.08824614,0.08911005,0.08998114,0.09086013,0.09174749,0.09264228,0.09354591,0.094457656,0.0953784,0.096307725,0.09724575,0.0981929,0.09915003,0.10011603,0.10109103,0.10207562,0.10307029,0.104074016
705,2015-09-05 00:11:45,57.799435,80.0,0.08067495,57.70124,57.60209,57.501972,57.400883,57.298805,57.195736,57.091663,56.986576,56.88047,56.77333,56.665154,56.555935,56.445663,56.334335,56.221947,56.108486,55.993954,55.878345,55.761654,55.643875,55.525,55.40503,55.28395,55.16175,55.038425,0.08148517,0.082303196,0.08312893,0.083962634,0.084803924,0.08565298,0.086509496,0.08737394,0.08824614,0.08911005,0.08998114,0.09086013,0.09174749,0.09264228,0.09354591,0.094457656,0.0953784,0.096307725,0.09724575,0.0981929,0.09915003,0.10011603,0.10109103,0.10207562,0.10307029
706,2015-09-05 00:11:46,57.89668,80.0,0.0798724,57.799435,57.70124,57.60209,57.501972,57.400883,57.298805,57.195736,57.091663,56.986576,56.88047,56.77333,56.665154,56.555935,56.445663,56.334335,56.221947,56.108486,55.993954,55.878345,55.761654,55.643875,55.525,55.40503,55.28395,55.16175,0.08067495,0.08148517,0.082303196,0.08312893,0.083962634,0.084803924,0.08565298,0.086509496,0.08737394,0.08824614,0.08911005,0.08998114,0.09086013,0.09174749,0.09264228,0.09354591,0.094457656,0.0953784,0.096307725,0.09724575,0.0981929,0.09915003,0.10011603,0.10109103,0.10207562
707,2015-09-05 00:11:47,57.992985,80.0,0.07907751,57.89668,57.799435,57.70124,57.60209,57.501972,57.400883,57.298805,57.195736,57.091663,56.986576,56.88047,56.77333,56.665154,56.555935,56.445663,56.334335,56.221947,56.108486,55.993954,55.878345,55.761654,55.643875,55.525,55.40503,55.28395,0.0798724,0.08067495,0.08148517,0.082303196,0.08312893,0.083962634,0.084803924,0.08565298,0.086509496,0.08737394,0.08824614,0.08911005,0.08998114,0.09086013,0.09174749,0.09264228,0.09354591,0.094457656,0.0953784,0.096307725,0.09724575,0.0981929,0.09915003,0.10011603,0.10109103
708,2015-09-05 00:11:48,58.088364,80.0,0.07828459,57.992985,57.89668,57.799435,57.70124,57.60209,57.501972,57.400883,57.298805,57.195736,57.091663,56.986576,56.88047,56.77333,56.665154,56.555935,56.445663,56.334335,56.221947,56.108486,55.993954,55.878345,55.761654,55.643875,55.525,55.40503,0.07907751,0.0798724,0.08067495,0.08148517,0.082303196,0.08312893,0.083962634,0.084803924,0.08565298,0.086509496,0.08737394,0.08824614,0.08911005,0.08998114,0.09086013,0.09174749,0.09264228,0.09354591,0.094457656,0.0953784,0.096307725,0.09724575,0.0981929,0.09915003,0.10011603
709,2015-09-05 00:11:49,58.182823,80.0,0.07749838,58.088364,57.992985,57.89668,57.799435,57.70124,57.60209,57.501972,57.400883,57.298805,57.195736,57.091663,56.986576,56.88047,56.77333,56.665154,56.555935,56.445663,56.334335,56.221947,56.108486,55.993954,55.878345,55.761654,55.643875,55.525,0.07828459,0.07907751,0.0798724,0.08067495,0.08148517,0.082303196,0.08312893,0.083962634,0.084803924,0.08565298,0.086509496,0.08737394,0.08824614,0.08911005,0.08998114,0.09086013,0.09174749,0.09264228,0.09354591,0.094457656,0.0953784,0.096307725,0.09724575,0.0981929,0.09915003
710,2015-09-05 00:11:50,58.276367,80.0,0.07671958,58.182823,58.088364,57.992985,57.89668,57.799435,57.70124,57.60209,57.501972,57.400883,57.298805,57.195736,57.091663,56.986576,56.88047,56.77333,56.665154,56.555935,56.445663,56.334335,56.221947,56.108486,55.993954,55.878345,55.761654,55.643875,0.07749838,0.07828459,0.07907751,0.0798724,0.08067495,0.08148517,0.082303196,0.08312893,0.083962634,0.084803924,0.08565298,0.086509496,0.08737394,0.08824614,0.08911005,0.08998114,0.09086013,0.09174749,0.09264228,0.09354591,0.094457656,0.0953784,0.096307725,0.09724575,0.0981929
711,2015-09-05 00:11:51,58.36901,80.0,0.07594852,58.276367,58.182823,58.088364,57.992985,57.89668,57.799435,57.70124,57.60209,57.501972,57.400883,57.298805,57.195736,57.091663,56.986576,56.88047,56.77333,56.665154,56.555935,56.445663,56.334335,56.221947,56.108486,55.993954,55.878345,55.761654,0.07671958,0.07749838,0.07828459,0.07907751,0.0798724,0.08067495,0.08148517,0.082303196,0.08312893,0.083962634,0.084803924,0.08565298,0.086509496,0.08737394,0.08824614,0.08911005,0.08998114,0.09086013,0.09174749,0.09264228,0.09354591,0.094457656,0.0953784,0.096307725,0.09724575
712,2015-09-05 00:11:52,58.46076,80.0,0.07518487,58.36901,58.276367,58.182823,58.088364,57.992985,57.89668,57.799435,57.70124,57.60209,57.501972,57.400883,57.298805,57.195736,57.091663,56.986576,56.88047,56.77333,56.665154,56.555935,56.445663,56.334335,56.221947,56.108486,55.993954,55.878345,0.07594852,0.07671958,0.07749838,0.07828459,0.07907751,0.0798724,0.08067495,0.08148517,0.082303196,0.08312893,0.083962634,0.084803924,0.08565298,0.086509496,0.08737394,0.08824614,0.08911005,0.08998114,0.09086013,0.09174749,0.09264228,0.09354591,0.094457656,0.0953784,0.096307725
713,2015-09-05 00:11:53,58.551617,80.0,0.07442862,58.46076,58.36901,58.276367,58.182823,58.088364,57.992985,57.89668,57.799435,57.70124,57.60209,57.501972,57.400883,57.298805,57.195736,57.091663,56.986576,56.88047,56.77333,56.665154,56.555935,56.445663,56.334335,56.221947,56.108486,55.993954,0.07518487,0.07594852,0.07671958,0.07749838,0.07828459,0.07907751,0.0798724,0.08067495,0.08148517,0.082303196,0.08312893,0.083962634,0.084803924,0.08565298,0.086509496,0.08737394,0.08824614,0.08911005,0.08998114,0.09086013,0.09174749,0.09264228,0.09354591,0.094457656,0.0953784
714,2015-09-05 00:11:54,58.641598,80.0,0.07367997,58.551617,58.46076,58.36901,58.276367,58.182823,58.088364,57.992985,57.89668,57.799435,57.70124,57.60209,57.501972,57.400883,57.298805,57.195736,57.091663,56.986576,56.88047,56.77333,56.665154,56.555935,56.445663,56.334335,56.221947,56.108486,0.07442862,0.07518487,0.07594852,0.07671958,0.07749838,0.07828459,0.07907751,0.0798724,0.08067495,0.08148517,0.082303196,0.08312893,0.083962634,0.084803924,0.08565298,0.086509496,0.08737394,0.08824614,0.08911005,0.08998114,0.09086013,0.09174749,0.09264228,0.09354591,0.094457656
715,2015-09-05 00:11:55,58.73071,80.0,0.07293828,58.641598,58.551617,58.46076,58.36901,58.276367,58.182823,58.088364,57.992985,57.89668,57.799435,57.70124,57.60209,57.501972,57.400883,57.298805,57.195736,57.091663,56.986576,56.88047,56.77333,56.665154,56.555935,56.445663,56.334335,56.221947,0.07367997,0.07442862,0.07518487,0.07594852,0.07671958,0.07749838,0.07828459,0.07907751,0.0798724,0.08067495,0.08148517,0.082303196,0.08312893,0.083962634,0.084803924,0.08565298,0.086509496,0.08737394,0.08824614,0.08911005,0.08998114,0.09086013,0.09174749,0.09264228,0.09354591
716,2015-09-05 00:11:56,58.818954,80.0,0.072203994,58.73071,58.641598,58.551617,58.46076,58.36901,58.276367,58.182823,58.088364,57.992985,57.89668,57.799435,57.70124,57.60209,57.501972,57.400883,57.298805,57.195736,57.091663,56.986576,56.88047,56.77333,56.665154,56.555935,56.445663,56.334335,0.07293828,0.07367997,0.07442862,0.07518487,0.07594852,0.07671958,0.07749838,0.07828459,0.07907751,0.0798724,0.08067495,0.08148517,0.082303196,0.08312893,0.083962634,0.084803924,0.08565298,0.086509496,0.08737394,0.08824614,0.08911005,0.08998114,0.09086013,0.09174749,0.09264228
717,2015-09-05 00:11:57,58.90633,80.0,0.071476996,58.818954,58.73071,58.641598,58.551617,58.46076,58.36901,58.276367,58.182823,58.088364,57.992985,57.89668,57.799435,57.70124,57.60209,57.501972,57.400883,57.298805,57.195736,57.091663,56.986576,56.88047,56.77333,56.665154,56.555935,56.445663,0.072203994,0.07293828,0.07367997,0.07442862,0.07518487,0.07594852,0.07671958,0.07749838,0.07828459,0.07907751,0.0798724,0.08067495,0.08148517,0.082303196,0.08312893,0.083962634,0.084803924,0.08565298,0.086509496,0.08737394,0.08824614,0.08911005,0.08998114,0.09086013,0.09174749
718,2015-09-05 00:11:58,58.99284,80.0,0.07075688,58.90633,58.818954,58.73071,58.641598,58.551617,58.46076,58.36901,58.276367,58.182823,58.088364,57.992985,57.89668,57.799435,57.70124,57.60209,57.501972,57.400883,57.298805,57.195736,57.091663,56.986576,56.88047,56.77333,56.665154,56.555935,0.071476996,0.072203994,0.07293828,0.07367997,0.07442862,0.07518487,0.07594852,0.07671958,0.07749838,0.07828459,0.07907751,0.0798724,0.08067495,0.08148517,0.082303196,0.08312893,0.083962634,0.084803924,0.08565298,0.086509496,0.08737394,0.08824614,0.08911005,0.08998114,0.09086013
719,2015-09-05 00:11:59,59.07849,80.0,0.070042074,58.99284,58.90633,58.818954,58.73071,58.641598,58.551617,58.46076,58.36901,58.276367,58.182823,58.088364,57.992985,57.89668,57.799435,57.70124,57.60209,57.501972,57.400883,57.298805,57.195736,57.091663,56.986576,56.88047,56.77333,56.665154,0.07075688,0.071476996,0.072203994,0.07293828,0.07367997,0.07442862,0.07518487,0.07594852,0.07671958,0.07749838,0.07828459,0.07907751,0.0798724,0.08067495,0.08148517,0.082303196,0.08312893,0.083962634,0.084803924,0.08565298,0.086509496,0.08737394,0.08824614,0.08911005,0.08998114
720,2015-09-05 00:12:00,59.163296,80.0,0.069332,59.07849,58.99284,58.90633,58.818954,58.73071,58.641598,58.551617,58.46076,58.36901,58.276367,58.182823,58.088364,57.992985,57.89668,57.799435,57.70124,57.60209,57.501972,57.400883,57.298805,57.195736,57.091663,56.986576,56.88047,56.77333,0.070042074,0.07075688,0.071476996,0.072203994,0.07293828,0.07367997,0.07442862,0.07518487,0.07594852,0.07671958,0.07749838,0.07828459,0.07907751,0.0798724,0.08067495,0.08148517,0.082303196,0.08312893,0.083962634,0.084803924,0.08565298,0.086509496,0.08737394,0.08824614,0.08911005
721,2015-09-05 00:12:01,59.247257,80.0,0.068615034,59.163296,59.07849,58.99284,58.90633,58.818954,58.73071,58.641598,58.551617,58.46076,58.36901,58.276367,58.182823,58.088364,57.992985,57.89668,57.799435,57.70124,57.60209,57.501972,57.400883,57.298805,57.195736,57.091663,56.986576,56.88047,0.069332,0.070042074,0.07075688,0.071476996,0.072203994,0.07293828,0.07367997,0.07442862,0.07518487,0.07594852,0.07671958,0.07749838,0.07828459,0.07907751,0.0798724,0.08067495,0.08148517,0.082303196,0.08312893,0.083962634,0.084803924,0.08565298,0.086509496,0.08737394,0.08824614
722,2015-09-05 00:12:02,59.330387,80.0,0.06790458,59.247257,59.163296,59.07849,58.99284,58.90633,58.818954,58.73071,58.641598,58.551617,58.46076,58.36901,58.276367,58.182823,58.088364,57.992985,57.89668,57.799435,57.70124,57.60209,57.501972,57.400883,57.298805,57.195736,57.091663,56.986576,0.068615034,0.069332,0.070042074,0.07075688,0.071476996,0.072203994,0.07293828,0.07367997,0.07442862,0.07518487,0.07594852,0.07671958,0.07749838,0.07828459,0.07907751,0.0798724,0.08067495,0.08148517,0.082303196,0.08312893,0.083962634,0.084803924,0.08565298,0.086509496,0.08737394
723,2015-09-05 00:12:03,59.41269,80.0,0.067200884,59.330387,59.247257,59.163296,59.07849,58.99284,58.90633,58.818954,58.73071,58.641598,58.551617,58.46076,58.36901,58.276367,58.182823,58.088364,57.992985,57.89668,57.799435,57.70124,57.60209,57.501972,57.400883,57.298805,57.195736,57.091663,0.06790458,0.068615034,0.069332,0.070042074,0.07075688,0.071476996,0.072203994,0.07293828,0.07367997,0.07442862,0.07518487,0.07594852,0.07671958,0.07749838,0.07828459,0.07907751,0.0798724,0.08067495,0.08148517,0.082303196,0.08312893,0.083962634,0.084803924,0.08565298,0.086509496
724,2015-09-05 00:12:04,59.494175,80.0,0.066503495,59.41269,59.330387,59.247257,59.163296,59.07849,58.99284,58.90633,58.818954,58.73071,58.641598,58.551617,58.46076,58.36901,58.276367,58.182823,58.088364,57.992985,57.89668,57.799435,57.70124,57.60209,57.501972,57.400883,57.298805,57.195736,0.067200884,0.06790458,0.068615034,0.069332,0.070042074,0.07075688,0.071476996,0.072203994,0.07293828,0.07367997,0.07442862,0.07518487,0.07594852,0.07671958,0.07749838,0.07828459,0.07907751,0.0798724,0.08067495,0.08148517,0.082303196,0.08312893,0.083962634,0.084803924,0.08565298
725,2015-09-05 00:12:05,59.57485,80.0,0.06581305,59.494175,59.41269,59.330387,59.247257,59.163296,59.07849,58.99284,58.90633,58.818954,58.73071,58.641598,58.551617,58.46076,58.36901,58.276367,58.182823,58.088364,57.992985,57.89668,57.799435,57.70124,57.60209,57.501972,57.400883,57.298805,0.066503495,0.067200884,0.06790458,0.068615034,0.069332,0.070042074,0.07075688,0.071476996,0.072203994,0.07293828,0.07367997,0.07442862,0.07518487,0.07594852,0.07671958,0.07749838,0.07828459,0.07907751,0.0798724,0.08067495,0.08148517,0.082303196,0.08312893,0.083962634,0.084803924
726,2015-09-05 00:12:06,59.65472,80.0,0.065129235,59.57485,59.494175,59.41269,59.330387,59.247257,59.163296,59.07849,58.99284,58.90633,58.818954,58.73071,58.641598,58.551617,58.46076,58.36901,58.276367,58.182823,58.088364,57.992985,57.89668,57.799435,57.70124,57.60209,57.501972,57.400883,0.06581305,0.066503495,0.067200884,0.06790458,0.068615034,0.069332,0.070042074,0.07075688,0.071476996,0.072203994,0.07293828,0.07367997,0.07442862,0.07518487,0.07594852,0.07671958,0.07749838,0.07828459,0.07907751,0.0798724,0.08067495,0.08148517,0.082303196,0.08312893,0.083962634
727,2015-09-05 00:12:07,59.7338,80.0,0.06445207,59.65472,59.57485,59.494175,59.41269,59.330387,59.247257,59.163296,59.07849,58.99284,58.90633,58.818954,58.73071,58.641598,58.551617,58.46076,58.36901,58.276367,58.182823,58.088364,57.992985,57.89668,57.799435,57.70124,57.60209,57.501972,0.065129235,0.06581305,0.066503495,0.067200884,0.06790458,0.068615034,0.069332,0.070042074,0.07075688,0.071476996,0.072203994,0.07293828,0.07367997,0.07442862,0.07518487,0.07594852,0.07671958,0.07749838,0.07828459,0.07907751,0.0798724,0.08067495,0.08148517,0.082303196,0.08312893
728,2015-09-05 00:12:08,59.812084,80.0,0.06378123,59.7338,59.65472,59.57485,59.494175,59.41269,59.330387,59.247257,59.163296,59.07849,58.99284,58.90633,58.818954,58.73071,58.641598,58.551617,58.46076,58.36901,58.276367,58.182823,58.088364,57.992985,57.89668,57.799435,57.70124,57.60209,0.06445207,0.065129235,0.06581305,0.066503495,0.067200884,0.06790458,0.068615034,0.069332,0.070042074,0.07075688,0.071476996,0.072203994,0.07293828,0.07367997,0.07442862,0.07518487,0.07594852,0.07671958,0.07749838,0.07828459,0.07907751,0.0798724,0.08067495,0.08148517,0.082303196
729,2015-09-05 00:12:09,59.889584,80.0,0.063117385,59.812084,59.7338,59.65472,59.57485,59.494175,59.41269,59.330387,59.247257,59.163296,59.07849,58.99284,58.90633,58.818954,58.73071,58.641598,58.551617,58.46076,58.36901,58.276367,58.182823,58.088364,57.992985,57.89668,57.799435,57.70124,0.06378123,0.06445207,0.065129235,0.06581305,0.066503495,0.067200884,0.06790458,0.068615034,0.069332,0.070042074,0.07075688,0.071476996,0.072203994,0.07293828,0.07367997,0.07442862,0.07518487,0.07594852,0.07671958,0.07749838,0.07828459,0.07907751,0.0798724,0.08067495,0.08148517
730,2015-09-05 00:12:10,59.966305,80.0,0.062459886,59.889584,59.812084,59.7338,59.65472,59.57485,59.494175,59.41269,59.330387,59.247257,59.163296,59.07849,58.99284,58.90633,58.818954,58.73071,58.641598,58.551617,58.46076,58.36901,58.276367,58.182823,58.088364,57.992985,57.89668,57.799435,0.063117385,0.06378123,0.06445207,0.065129235,0.06581305,0.066503495,0.067200884,0.06790458,0.068615034,0.069332,0.070042074,0.07075688,0.071476996,0.072203994,0.07293828,0.07367997,0.07442862,0.07518487,0.07594852,0.07671958,0.07749838,0.07828459,0.07907751,0.0798724,0.08067495
731,2015-09-05 00:12:11,60.04225,80.0,0.061808467,59.966305,59.889584,59.812084,59.7338,59.65472,59.57485,59.494175,59.41269,59.330387,59.247257,59.163296,59.07849,58.99284,58.90633,58.818954,58.73071,58.641598,58.551617,58.46076,58.36901,58.276367,58.182823,58.088364,57.992985,57.89668,0.062459886,0.063117385,0.06378123,0.06445207,0.065129235,0.06581305,0.066503495,0.067200884,0.06790458,0.068615034,0.069332,0.070042074,0.07075688,0.071476996,0.072203994,0.07293828,0.07367997,0.07442862,0.07518487,0.07594852,0.07671958,0.07749838,0.07828459,0.07907751,0.0798724
732,2015-09-05 00:12:12,60.117435,80.0,0.061163604,60.04225,59.966305,59.889584,59.812084,59.7338,59.65472,59.57485,59.494175,59.41269,59.330387,59.247257,59.163296,59.07849,58.99284,58.90633,58.818954,58.73071,58.641598,58.551617,58.46076,58.36901,58.276367,58.182823,58.088364,57.992985,0.061808467,0.062459886,0.063117385,0.06378123,0.06445207,0.065129235,0.06581305,0.066503495,0.067200884,0.06790458,0.068615034,0.069332,0.070042074,0.07075688,0.071476996,0.072203994,0.07293828,0.07367997,0.07442862,0.07518487,0.07594852,0.07671958,0.07749838,0.07828459,0.07907751
733,2015-09-05 00:12:13,60.191864,80.0,0.060525,60.117435,60.04225,59.966305,59.889584,59.812084,59.7338,59.65472,59.57485,59.494175,59.41269,59.330387,59.247257,59.163296,59.07849,58.99284,58.90633,58.818954,58.73071,58.641598,58.551617,58.46076,58.36901,58.276367,58.182823,58.088364,0.061163604,0.061808467,0.062459886,0.063117385,0.06378123,0.06445207,0.065129235,0.06581305,0.066503495,0.067200884,0.06790458,0.068615034,0.069332,0.070042074,0.07075688,0.071476996,0.072203994,0.07293828,0.07367997,0.07442862,0.07518487,0.07594852,0.07671958,0.07749838,0.07828459
734,2015-09-05 00:12:14,60.265545,80.0,0.059892505,60.191864,60.117435,60.04225,59.966305,59.889584,59.812084,59.7338,59.65472,59.57485,59.494175,59.41269,59.330387,59.247257,59.163296,59.07849,58.99284,58.90633,58.818954,58.73071,58.641598,58.551617,58.46076,58.36901,58.276367,58.182823,0.060525,0.061163604,0.061808467,0.062459886,0.063117385,0.06378123,0.06445207,0.065129235,0.06581305,0.066503495,0.067200884,0.06790458,0.068615034,0.069332,0.070042074,0.07075688,0.071476996,0.072203994,0.07293828,0.07367997,0.07442862,0.07518487,0.07594852,0.07671958,0.07749838
735,2015-09-05 00:12:15,60.33848,80.0,0.059266493,60.265545,60.191864,60.117435,60.04225,59.966305,59.889584,59.812084,59.7338,59.65472,59.57485,59.494175,59.41269,59.330387,59.247257,59.163296,59.07849,58.99284,58.90633,58.818954,58.73071,58.641598,58.551617,58.46076,58.36901,58.276367,0.059892505,0.060525,0.061163604,0.061808467,0.062459886,0.063117385,0.06378123,0.06445207,0.065129235,0.06581305,0.066503495,0.067200884,0.06790458,0.068615034,0.069332,0.070042074,0.07075688,0.071476996,0.072203994,0.07293828,0.07367997,0.07442862,0.07518487,0.07594852,0.07671958
736,2015-09-05 00:12:16,60.410686,80.0,0.058646396,60.33848,60.265545,60.191864,60.117435,60.04225,59.966305,59.889584,59.812084,59.7338,59.65472,59.57485,59.494175,59.41269,59.330387,59.247257,59.163296,59.07849,58.99284,58.90633,58.818954,58.73071,58.641598,58.551617,58.46076,58.36901,0.059266493,0.059892505,0.060525,0.061163604,0.061808467,0.062459886,0.063117385,0.06378123,0.06445207,0.065129235,0.06581305,0.066503495,0.067200884,0.06790458,0.068615034,0.069332,0.070042074,0.07075688,0.071476996,0.072203994,0.07293828,0.07367997,0.07442862,0.07518487,0.07594852
737,2015-09-05 00:12:17,60.482162,80.0,0.05803275,60.410686,60.33848,60.265545,60.191864,60.117435,60.04225,59.966305,59.889584,59.812084,59.7338,59.65472,59.57485,59.494175,59.41269,59.330387,59.247257,59.163296,59.07849,58.99284,58.90633,58.818954,58.73071,58.641598,58.551617,58.46076,0.058646396,0.059266493,0.059892505,0.060525,0.061163604,0.061808467,0.062459886,0.063117385,0.06378123,0.06445207,0.065129235,0.06581305,0.066503495,0.067200884,0.06790458,0.068615034,0.069332,0.070042074,0.07075688,0.071476996,0.072203994,0.07293828,0.07367997,0.07442862,0.07518487
738,2015-09-05 00:12:18,60.552917,80.0,0.05742532,60.482162,60.410686,60.33848,60.265545,60.191864,60.117435,60.04225,59.966305,59.889584,59.812084,59.7338,59.65472,59.57485,59.494175,59.41269,59.330387,59.247257,59.163296,59.07849,58.99284,58.90633,58.818954,58.73071,58.641598,58.551617,0.05803275,0.058646396,0.059266493,0.059892505,0.060525,0.061163604,0.061808467,0.062459886,0.063117385,0.06378123,0.06445207,0.065129235,0.06581305,0.066503495,0.067200884,0.06790458,0.068615034,0.069332,0.070042074,0.07075688,0.071476996,0.072203994,0.07293828,0.07367997,0.07442862
739,2015-09-05 00:12:19,60.62296,80.0,0.056824073,60.552917,60.482162,60.410686,60.33848,60.265545,60.191864,60.117435,60.04225,59.966305,59.889584,59.812084,59.7338,59.65472,59.57485,59.494175,59.41269,59.330387,59.247257,59.163296,59.07849,58.99284,58.90633,58.818954,58.73071,58.641598,0.05742532,0.05803275,0.058646396,0.059266493,0.059892505,0.060525,0.061163604,0.061808467,0.062459886,0.063117385,0.06378123,0.06445207,0.065129235,0.06581305,0.066503495,0.067200884,0.06790458,0.068615034,0.069332,0.070042074,0.07075688,0.071476996,0.072203994,0.07293828,0.07367997
740,2015-09-05 00:12:20,60.69229,80.0,0.05622849,60.62296,60.552917,60.482162,60.410686,60.33848,60.265545,60.191864,60.117435,60.04225,59.966305,59.889584,59.812084,59.7338,59.65472,59.57485,59.494175,59.41269,59.330387,59.247257,59.163296,59.07849,58.99284,58.90633,58.818954,58.73071,0.056824073,0.05742532,0.05803275,0.058646396,0.059266493,0.059892505,0.060525,0.061163604,0.061808467,0.062459886,0.063117385,0.06378123,0.06445207,0.065129235,0.06581305,0.066503495,0.067200884,0.06790458,0.068615034,0.069332,0.070042074,0.07075688,0.071476996,0.072203994,0.07293828
741,2015-09-05 00:12:21,60.760906,80.0,0.055638656,60.69229,60.62296,60.552917,60.482162,60.410686,60.33848,60.265545,60.191864,60.117435,60.04225,59.966305,59.889584,59.812084,59.7338,59.65472,59.57485,59.494175,59.41269,59.330387,59.247257,59.163296,59.07849,58.99284,58.90633,58.818954,0.05622849,0.056824073,0.05742532,0.05803275,0.058646396,0.059266493,0.059892505,0.060525,0.061163604,0.061808467,0.062459886,0.063117385,0.06378123,0.06445207,0.065129235,0.06581305,0.066503495,0.067200884,0.06790458,0.068615034,0.069332,0.070042074,0.07075688,0.071476996,0.072203994
742,2015-09-05 00:12:22,60.82881,80.0,0.055054605,60.760906,60.69229,60.62296,60.552917,60.482162,60.410686,60.33848,60.265545,60.191864,60.117435,60.04225,59.966305,59.889584,59.812084,59.7338,59.65472,59.57485,59.494175,59.41269,59.330387,59.247257,59.163296,59.07849,58.99284,58.90633,0.055638656,0.05622849,0.056824073,0.05742532,0.05803275,0.058646396,0.059266493,0.059892505,0.060525,0.061163604,0.061808467,0.062459886,0.063117385,0.06378123,0.06445207,0.065129235,0.06581305,0.066503495,0.067200884,0.06790458,0.068615034,0.069332,0.070042074,0.07075688,0.071476996
743,2015-09-05 00:12:23,60.89601,80.0,0.05447623,60.82881,60.760906,60.69229,60.62296,60.552917,60.482162,60.410686,60.33848,60.265545,60.191864,60.117435,60.04225,59.966305,59.889584,59.812084,59.7338,59.65472,59.57485,59.494175,59.41269,59.330387,59.247257,59.163296,59.07849,58.99284,0.055054605,0.055638656,0.05622849,0.056824073,0.05742532,0.05803275,0.058646396,0.059266493,0.059892505,0.060525,0.061163604,0.061808467,0.062459886,0.063117385,0.06378123,0.06445207,0.065129235,0.06581305,0.066503495,0.067200884,0.06790458,0.068615034,0.069332,0.070042074,0.07075688
744,2015-09-05 00:12:24,60.962513,80.0,0.05389896,60.89601,60.82881,60.760906,60.69229,60.62296,60.552917,60.482162,60.410686,60.33848,60.265545,60.191864,60.117435,60.04225,59.966305,59.889584,59.812084,59.7338,59.65472,59.57485,59.494175,59.41269,59.330387,59.247257,59.163296,59.07849,0.05447623,0.055054605,0.055638656,0.05622849,0.056824073,0.05742532,0.05803275,0.058646396,0.059266493,0.059892505,0.060525,0.061163604,0.061808467,0.062459886,0.063117385,0.06378123,0.06445207,0.065129235,0.06581305,0.066503495,0.067200884,0.06790458,0.068615034,0.069332,0.070042074
745,2015-09-05 00:12:25,61.028324,80.0,0.05332622,60.962513,60.89601,60.82881,60.760906,60.69229,60.62296,60.552917,60.482162,60.410686,60.33848,60.265545,60.191864,60.117435,60.04225,59.966305,59.889584,59.812084,59.7338,59.65472,59.57485,59.494175,59.41269,59.330387,59.247257,59.163296,0.05389896,0.05447623,0.055054605,0.055638656,0.05622849,0.056824073,0.05742532,0.05803275,0.058646396,0.059266493,0.059892505,0.060525,0.061163604,0.061808467,0.062459886,0.063117385,0.06378123,0.06445207,0.065129235,0.06581305,0.066503495,0.067200884,0.06790458,0.068615034,0.069332
746,2015-09-05 00:12:26,61.093452,80.0,0.052759275,61.028324,60.962513,60.89601,60.82881,60.760906,60.69229,60.62296,60.552917,60.482162,60.410686,60.33848,60.265545,60.191864,60.117435,60.04225,59.966305,59.889584,59.812084,59.7338,59.65472,59.57485,59.494175,59.41269,59.330387,59.247257,0.05332622,0.05389896,0.05447623,0.055054605,0.055638656,0.05622849,0.056824073,0.05742532,0.05803275,0.058646396,0.059266493,0.059892505,0.060525,0.061163604,0.061808467,0.062459886,0.063117385,0.06378123,0.06445207,0.065129235,0.06581305,0.066503495,0.067200884,0.06790458,0.068615034
747,2015-09-05 00:12:27,61.157906,80.0,0.052197427,61.093452,61.028324,60.962513,60.89601,60.82881,60.760906,60.69229,60.62296,60.552917,60.482162,60.410686,60.33848,60.265545,60.191864,60.117435,60.04225,59.966305,59.889584,59.812084,59.7338,59.65472,59.57485,59.494175,59.41269,59.330387,0.052759275,0.05332622,0.05389896,0.05447623,0.055054605,0.055638656,0.05622849,0.056824073,0.05742532,0.05803275,0.058646396,0.059266493,0.059892505,0.060525,0.061163604,0.061808467,0.062459886,0.063117385,0.06378123,0.06445207,0.065129235,0.06581305,0.066503495,0.067200884,0.06790458
748,2015-09-05 00:12:28,61.221687,80.0,0.051641613,61.157906,61.093452,61.028324,60.962513,60.89601,60.82881,60.760906,60.69229,60.62296,60.552917,60.482162,60.410686,60.33848,60.265545,60.191864,60.117435,60.04225,59.966305,59.889584,59.812084,59.7338,59.65472,59.57485,59.494175,59.41269,0.052197427,0.052759275,0.05332622,0.05389896,0.05447623,0.055054605,0.055638656,0.05622849,0.056824073,0.05742532,0.05803275,0.058646396,0.059266493,0.059892505,0.060525,0.061163604,0.061808467,0.062459886,0.063117385,0.06378123,0.06445207,0.065129235,0.06581305,0.066503495,0.067200884
749,2015-09-05 00:12:29,61.284805,80.0,0.05109097,61.221687,61.157906,61.093452,61.028324,60.962513,60.89601,60.82881,60.760906,60.69229,60.62296,60.552917,60.482162,60.410686,60.33848,60.265545,60.191864,60.117435,60.04225,59.966305,59.889584,59.812084,59.7338,59.65472,59.57485,59.494175,0.051641613,0.052197427,0.052759275,0.05332622,0.05389896,0.05447623,0.055054605,0.055638656,0.05622849,0.056824073,0.05742532,0.05803275,0.058646396,0.059266493,0.059892505,0.060525,0.061163604,0.061808467,0.062459886,0.063117385,0.06378123,0.06445207,0.065129235,0.06581305,0.066503495
750,2015-09-05 00:12:30,61.347263,80.0,0.05054614,61.284805,61.221687,61.157906,61.093452,61.028324,60.962513,60.89601,60.82881,60.760906,60.69229,60.62296,60.552917,60.482162,60.410686,60.33848,60.265545,60.191864,60.117435,60.04225,59.966305,59.889584,59.812084,59.7338,59.65472,59.57485,0.05109097,0.051641613,0.052197427,0.052759275,0.05332622,0.05389896,0.05447623,0.055054605,0.055638656,0.05622849,0.056824073,0.05742532,0.05803275,0.058646396,0.059266493,0.059892505,0.060525,0.061163604,0.061808467,0.062459886,0.063117385,0.06378123,0.06445207,0.065129235,0.06581305
751,2015-09-05 00:12:31,61.409073,80.0,0.050006628,61.347263,61.284805,61.221687,61.157906,61.093452,61.028324,60.962513,60.89601,60.82881,60.760906,60.69229,60.62296,60.552917,60.482162,60.410686,60.33848,60.265545,60.191864,60.117435,60.04225,59.966305,59.889584,59.812084,59.7338,59.65472,0.05054614,0.05109097,0.051641613,0.052197427,0.052759275,0.05332622,0.05389896,0.05447623,0.055054605,0.055638656,0.05622849,0.056824073,0.05742532,0.05803275,0.058646396,0.059266493,0.059892505,0.060525,0.061163604,0.061808467,0.062459886,0.063117385,0.06378123,0.06445207,0.065129235
752,2015-09-05 00:12:32,61.470238,80.0,0.04947266,61.409073,61.347263,61.284805,61.221687,61.157906,61.093452,61.028324,60.962513,60.89601,60.82881,60.760906,60.69229,60.62296,60.552917,60.482162,60.410686,60.33848,60.265545,60.191864,60.117435,60.04225,59.966305,59.889584,59.812084,59.7338,0.050006628,0.05054614,0.05109097,0.051641613,0.052197427,0.052759275,0.05332622,0.05389896,0.05447623,0.055054605,0.055638656,0.05622849,0.056824073,0.05742532,0.05803275,0.058646396,0.059266493,0.059892505,0.060525,0.061163604,0.061808467,0.062459886,0.063117385,0.06378123,0.06445207
753,2015-09-05 00:12:33,61.53076,80.0,0.048944473,61.470238,61.409073,61.347263,61.284805,61.221687,61.157906,61.093452,61.028324,60.962513,60.89601,60.82881,60.760906,60.69229,60.62296,60.552917,60.482162,60.410686,60.33848,60.265545,60.191864,60.117435,60.04225,59.966305,59.889584,59.812084,0.04947266,0.050006628,0.05054614,0.05109097,0.051641613,0.052197427,0.052759275,0.05332622,0.05389896,0.05447623,0.055054605,0.055638656,0.05622849,0.056824073,0.05742532,0.05803275,0.058646396,0.059266493,0.059892505,0.060525,0.061163604,0.061808467,0.062459886,0.063117385,0.06378123
754,2015-09-05 00:12:34,61.590652,80.0,0.048421204,61.53076,61.470238,61.409073,61.347263,61.284805,61.221687,61.157906,61.093452,61.028324,60.962513,60.89601,60.82881,60.760906,60.69229,60.62296,60.552917,60.482162,60.410686,60.33848,60.265545,60.191864,60.117435,60.04225,59.966305,59.889584,0.048944473,0.04947266,0.050006628,0.05054614,0.05109097,0.051641613,0.052197427,0.052759275,0.05332622,0.05389896,0.05447623,0.055054605,0.055638656,0.05622849,0.056824073,0.05742532,0.05803275,0.058646396,0.059266493,0.059892505,0.060525,0.061163604,0.061808467,0.062459886,0.063117385
755,2015-09-05 00:12:35,61.649918,80.0,0.047903687,61.590652,61.53076,61.470238,61.409073,61.347263,61.284805,61.221687,61.157906,61.093452,61.028324,60.962513,60.89601,60.82881,60.760906,60.69229,60.62296,60.552917,60.482162,60.410686,60.33848,60.265545,60.191864,60.117435,60.04225,59.966305,0.048421204,0.048944473,0.04947266,0.050006628,0.05054614,0.05109097,0.051641613,0.052197427,0.052759275,0.05332622,0.05389896,0.05447623,0.055054605,0.055638656,0.05622849,0.056824073,0.05742532,0.05803275,0.058646396,0.059266493,0.059892505,0.060525,0.061163604,0.061808467,0.062459886
756,2015-09-05 00:12:36,61.708565,80.0,0.04739125,61.649918,61.590652,61.53076,61.470238,61.409073,61.347263,61.284805,61.221687,61.157906,61.093452,61.028324,60.962513,60.89601,60.82881,60.760906,60.69229,60.62296,60.552917,60.482162,60.410686,60.33848,60.265545,60.191864,60.117435,60.04225,0.047903687,0.048421204,0.048944473,0.04947266,0.050006628,0.05054614,0.05109097,0.051641613,0.052197427,0.052759275,0.05332622,0.05389896,0.05447623,0.055054605,0.055638656,0.05622849,0.056824073,0.05742532,0.05803275,0.058646396,0.059266493,0.059892505,0.060525,0.061163604,0.061808467
757,2015-09-05 00:12:37,61.766598,80.0,0.046884224,61.708565,61.649918,61.590652,61.53076,61.470238,61.409073,61.347263,61.284805,61.221687,61.157906,61.093452,61.028324,60.962513,60.89601,60.82881,60.760906,60.69229,60.62296,60.552917,60.482162,60.410686,60.33848,60.265545,60.191864,60.117435,0.04739125,0.047903687,0.048421204,0.048944473,0.04947266,0.050006628,0.05054614,0.05109097,0.051641613,0.052197427,0.052759275,0.05332622,0.05389896,0.05447623,0.055054605,0.055638656,0.05622849,0.056824073,0.05742532,0.05803275,0.058646396,0.059266493,0.059892505,0.060525,0.061163604
758,2015-09-05 00:12:38,61.824024,80.0,0.04638207,61.766598,61.708565,61.649918,61.590652,61.53076,61.470238,61.409073,61.347263,61.284805,61.221687,61.157906,61.093452,61.028324,60.962513,60.89601,60.82881,60.760906,60.69229,60.62296,60.552917,60.482162,60.410686,60.33848,60.265545,60.191864,0.046884224,0.04739125,0.047903687,0.048421204,0.048944473,0.04947266,0.050006628,0.05054614,0.05109097,0.051641613,0.052197427,0.052759275,0.05332622,0.05389896,0.05447623,0.055054605,0.055638656,0.05622849,0.056824073,0.05742532,0.05803275,0.058646396,0.059266493,0.059892505,0.060525
759,2015-09-05 00:12:39,61.880848,80.0,0.045885623,61.824024,61.766598,61.708565,61.649918,61.590652,61.53076,61.470238,61.409073,61.347263,61.284805,61.221687,61.157906,61.093452,61.028324,60.962513,60.89601,60.82881,60.760906,60.69229,60.62296,60.552917,60.482162,60.410686,60.33848,60.265545,0.04638207,0.046884224,0.04739125,0.047903687,0.048421204,0.048944473,0.04947266,0.050006628,0.05054614,0.05109097,0.051641613,0.052197427,0.052759275,0.05332622,0.05389896,0.05447623,0.055054605,0.055638656,0.05622849,0.056824073,0.05742532,0.05803275,0.058646396,0.059266493,0.059892505
760,2015-09-05 00:12:40,61.937077,80.0,0.045394138,61.880848,61.824024,61.766598,61.708565,61.649918,61.590652,61.53076,61.470238,61.409073,61.347263,61.284805,61.221687,61.157906,61.093452,61.028324,60.962513,60.89601,60.82881,60.760906,60.69229,60.62296,60.552917,60.482162,60.410686,60.33848,0.045885623,0.04638207,0.046884224,0.04739125,0.047903687,0.048421204,0.048944473,0.04947266,0.050006628,0.05054614,0.05109097,0.051641613,0.052197427,0.052759275,0.05332622,0.05389896,0.05447623,0.055054605,0.055638656,0.05622849,0.056824073,0.05742532,0.05803275,0.058646396,0.059266493
761,2015-09-05 00:12:41,61.992714,80.0,0.04490803,61.937077,61.880848,61.824024,61.766598,61.708565,61.649918,61.590652,61.53076,61.470238,61.409073,61.347263,61.284805,61.221687,61.157906,61.093452,61.028324,60.962513,60.89601,60.82881,60.760906,60.69229,60.62296,60.552917,60.482162,60.410686,0.045394138,0.045885623,0.04638207,0.046884224,0.04739125,0.047903687,0.048421204,0.048944473,0.04947266,0.050006628,0.05054614,0.05109097,0.051641613,0.052197427,0.052759275,0.05332622,0.05389896,0.05447623,0.055054605,0.055638656,0.05622849,0.056824073,0.05742532,0.05803275,0.058646396
762,2015-09-05 00:12:42,62.047768,80.0,0.04442677,61.992714,61.937077,61.880848,61.824024,61.766598,61.708565,61.649918,61.590652,61.53076,61.470238,61.409073,61.347263,61.284805,61.221687,61.157906,61.093452,61.028324,60.962513,60.89601,60.82881,60.760906,60.69229,60.62296,60.552917,60.482162,0.04490803,0.045394138,0.045885623,0.04638207,0.046884224,0.04739125,0.047903687,0.048421204,0.048944473,0.04947266,0.050006628,0.05054614,0.05109097,0.051641613,0.052197427,0.052759275,0.05332622,0.05389896,0.05447623,0.055054605,0.055638656,0.05622849,0.056824073,0.05742532,0.05803275
763,2015-09-05 00:12:43,62.102245,80.0,0.04395047,62.047768,61.992714,61.937077,61.880848,61.824024,61.766598,61.708565,61.649918,61.590652,61.53076,61.470238,61.409073,61.347263,61.284805,61.221687,61.157906,61.093452,61.028324,60.962513,60.89601,60.82881,60.760906,60.69229,60.62296,60.552917,0.04442677,0.04490803,0.045394138,0.045885623,0.04638207,0.046884224,0.04739125,0.047903687,0.048421204,0.048944473,0.04947266,0.050006628,0.05054614,0.05109097,0.051641613,0.052197427,0.052759275,0.05332622,0.05389896,0.05447623,0.055054605,0.055638656,0.05622849,0.056824073,0.05742532
764,2015-09-05 00:12:44,62.156143,80.0,0.04347916,62.102245,62.047768,61.992714,61.937077,61.880848,61.824024,61.766598,61.708565,61.649918,61.590652,61.53076,61.470238,61.409073,61.347263,61.284805,61.221687,61.157906,61.093452,61.028324,60.962513,60.89601,60.82881,60.760906,60.69229,60.62296,0.04395047,0.04442677,0.04490803,0.045394138,0.045885623,0.04638207,0.046884224,0.04739125,0.047903687,0.048421204,0.048944473,0.04947266,0.050006628,0.05054614,0.05109097,0.051641613,0.052197427,0.052759275,0.05332622,0.05389896,0.05447623,0.055054605,0.055638656,0.05622849,0.056824073
765,2015-09-05 00:12:45,62.20947,80.0,0.043013364,62.156143,62.102245,62.047768,61.992714,61.937077,61.880848,61.824024,61.766598,61.708565,61.649918,61.590652,61.53076,61.470238,61.409073,61.347263,61.284805,61.221687,61.157906,61.093452,61.028324,60.962513,60.89601,60.82881,60.760906,60.69229,0.04347916,0.04395047,0.04442677,0.04490803,0.045394138,0.045885623,0.04638207,0.046884224,0.04739125,0.047903687,0.048421204,0.048944473,0.04947266,0.050006628,0.05054614,0.05109097,0.051641613,0.052197427,0.052759275,0.05332622,0.05389896,0.05447623,0.055054605,0.055638656,0.05622849
766,2015-09-05 00:12:46,62.26223,80.0,0.04255198,62.20947,62.156143,62.102245,62.047768,61.992714,61.937077,61.880848,61.824024,61.766598,61.708565,61.649918,61.590652,61.53076,61.470238,61.409073,61.347263,61.284805,61.221687,61.157906,61.093452,61.028324,60.962513,60.89601,60.82881,60.760906,0.043013364,0.04347916,0.04395047,0.04442677,0.04490803,0.045394138,0.045885623,0.04638207,0.046884224,0.04739125,0.047903687,0.048421204,0.048944473,0.04947266,0.050006628,0.05054614,0.05109097,0.051641613,0.052197427,0.052759275,0.05332622,0.05389896,0.05447623,0.055054605,0.055638656
767,2015-09-05 00:12:47,62.314426,80.0,0.0420952,62.26223,62.20947,62.156143,62.102245,62.047768,61.992714,61.937077,61.880848,61.824024,61.766598,61.708565,61.649918,61.590652,61.53076,61.470238,61.409073,61.347263,61.284805,61.221687,61.157906,61.093452,61.028324,60.962513,60.89601,60.82881,0.04255198,0.043013364,0.04347916,0.04395047,0.04442677,0.04490803,0.045394138,0.045885623,0.04638207,0.046884224,0.04739125,0.047903687,0.048421204,0.048944473,0.04947266,0.050006628,0.05054614,0.05109097,0.051641613,0.052197427,0.052759275,0.05332622,0.05389896,0.05447623,0.055054605
768,2015-09-05 00:12:48,62.36607,80.0,0.041642666,62.314426,62.26223,62.20947,62.156143,62.102245,62.047768,61.992714,61.937077,61.880848,61.824024,61.766598,61.708565,61.649918,61.590652,61.53076,61.470238,61.409073,61.347263,61.284805,61.221687,61.157906,61.093452,61.028324,60.962513,60.89601,0.0420952,0.04255198,0.043013364,0.04347916,0.04395047,0.04442677,0.04490803,0.045394138,0.045885623,0.04638207,0.046884224,0.04739125,0.047903687,0.048421204,0.048944473,0.04947266,0.050006628,0.05054614,0.05109097,0.051641613,0.052197427,0.052759275,0.05332622,0.05389896,0.05447623
769,2015-09-05 00:12:49,62.41716,80.0,0.041190952,62.36607,62.314426,62.26223,62.20947,62.156143,62.102245,62.047768,61.992714,61.937077,61.880848,61.824024,61.766598,61.708565,61.649918,61.590652,61.53076,61.470238,61.409073,61.347263,61.284805,61.221687,61.157906,61.093452,61.028324,60.962513,0.041642666,0.0420952,0.04255198,0.043013364,0.04347916,0.04395047,0.04442677,0.04490803,0.045394138,0.045885623,0.04638207,0.046884224,0.04739125,0.047903687,0.048421204,0.048944473,0.04947266,0.050006628,0.05054614,0.05109097,0.051641613,0.052197427,0.052759275,0.05332622,0.05389896
770,2015-09-05 00:12:50,62.467705,80.0,0.040743575,62.41716,62.36607,62.314426,62.26223,62.20947,62.156143,62.102245,62.047768,61.992714,61.937077,61.880848,61.824024,61.766598,61.708565,61.649918,61.590652,61.53076,61.470238,61.409073,61.347263,61.284805,61.221687,61.157906,61.093452,61.028324,0.041190952,0.041642666,0.0420952,0.04255198,0.043013364,0.04347916,0.04395047,0.04442677,0.04490803,0.045394138,0.045885623,0.04638207,0.046884224,0.04739125,0.047903687,0.048421204,0.048944473,0.04947266,0.050006628,0.05054614,0.05109097,0.051641613,0.052197427,0.052759275,0.05332622
771,2015-09-05 00:12:51,62.51771,80.0,0.040300846,62.467705,62.41716,62.36607,62.314426,62.26223,62.20947,62.156143,62.102245,62.047768,61.992714,61.937077,61.880848,61.824024,61.766598,61.708565,61.649918,61.590652,61.53076,61.470238,61.409073,61.347263,61.284805,61.221687,61.157906,61.093452,0.040743575,0.041190952,0.041642666,0.0420952,0.04255198,0.043013364,0.04347916,0.04395047,0.04442677,0.04490803,0.045394138,0.045885623,0.04638207,0.046884224,0.04739125,0.047903687,0.048421204,0.048944473,0.04947266,0.050006628,0.05054614,0.05109097,0.051641613,0.052197427,0.052759275
772,2015-09-05 00:12:52,62.567184,80.0,0.039862826,62.51771,62.467705,62.41716,62.36607,62.314426,62.26223,62.20947,62.156143,62.102245,62.047768,61.992714,61.937077,61.880848,61.824024,61.766598,61.708565,61.649918,61.590652,61.53076,61.470238,61.409073,61.347263,61.284805,61.221687,61.157906,0.040300846,0.040743575,0.041190952,0.041642666,0.0420952,0.04255198,0.043013364,0.04347916,0.04395047,0.04442677,0.04490803,0.045394138,0.045885623,0.04638207,0.046884224,0.04739125,0.047903687,0.048421204,0.048944473,0.04947266,0.050006628,0.05054614,0.05109097,0.051641613,0.052197427
773,2015-09-05 00:12:53,62.616127,50.0,-0.12797984,62.567184,62.51771,62.467705,62.41716,62.36607,62.314426,62.26223,62.20947,62.156143,62.102245,62.047768,61.992714,61.937077,61.880848,61.824024,61.766598,61.708565,61.649918,61.590652,61.53076,61.470238,61.409073,61.347263,61.284805,61.221687,0.039862826,0.040300846,0.040743575,0.041190952,0.041642666,0.0420952,0.04255198,0.043013364,0.04347916,0.04395047,0.04442677,0.04490803,0.045394138,0.045885623,0.04638207,0.046884224,0.04739125,0.047903687,0.048421204,0.048944473,0.04947266,0.050006628,0.05054614,0.05109097,0.051641613
774,2015-09-05 00:12:54,62.664547,50.0,-0.12797984,62.616127,62.567184,62.51771,62.467705,62.41716,62.36607,62.314426,62.26223,62.20947,62.156143,62.102245,62.047768,61.992714,61.937077,61.880848,61.824024,61.766598,61.708565,61.649918,61.590652,61.53076,61.470238,61.409073,61.347263,61.284805,-0.12797984,0.039862826,0.040300846,0.040743575,0.041190952,0.041642666,0.0420952,0.04255198,0.043013364,0.04347916,0.04395047,0.04442677,0.04490803,0.045394138,0.045885623,0.04638207,0.046884224,0.04739125,0.047903687,0.048421204,0.048944473,0.04947266,0.050006628,0.05054614,0.05109097
775,2015-09-05 00:12:55,62.712452,50.0,-0.12797984,62.664547,62.616127,62.567184,62.51771,62.467705,62.41716,62.36607,62.314426,62.26223,62.20947,62.156143,62.102245,62.047768,61.992714,61.937077,61.880848,61.824024,61.766598,61.708565,61.649918,61.590652,61.53076,61.470238,61.409073,61.347263,-0.12797984,-0.12797984,0.039862826,0.040300846,0.040743575,0.041190952,0.041642666,0.0420952,0.04255198,0.043013364,0.04347916,0.04395047,0.04442677,0.04490803,0.045394138,0.045885623,0.04638207,0.046884224,0.04739125,0.047903687,0.048421204,0.048944473,0.04947266,0.050006628,0.05054614
776,2015-09-05 00:12:56,62.759842,50.0,-0.12797984,62.712452,62.664547,62.616127,62.567184,62.51771,62.467705,62.41716,62.36607,62.314426,62.26223,62.20947,62.156143,62.102245,62.047768,61.992714,61.937077,61.880848,61.824024,61.766598,61.708565,61.649918,61.590652,61.53076,61.470238,61.409073,-0.12797984,-0.12797984,-0.12797984,0.039862826,0.040300846,0.040743575,0.041190952,0.041642666,0.0420952,0.04255198,0.043013364,0.04347916,0.04395047,0.04442677,0.04490803,0.045394138,0.045885623,0.04638207,0.046884224,0.04739125,0.047903687,0.048421204,0.048944473,0.04947266,0.050006628
777,2015-09-05 00:12:57,62.806725,50.0,-0.12797984,62.759842,62.712452,62.664547,62.616127,62.567184,62.51771,62.467705,62.41716,62.36607,62.314426,62.26223,62.20947,62.156143,62.102245,62.047768,61.992714,61.937077,61.880848,61.824024,61.766598,61.708565,61.649918,61.590652,61.53076,61.470238,-0.12797984,-0.12797984,-0.12797984,-0.12797984,0.039862826,0.040300846,0.040743575,0.041190952,0.041642666,0.0420952,0.04255198,0.043013364,0.04347916,0.04395047,0.04442677,0.04490803,0.045394138,0.045885623,0.04638207,0.046884224,0.04739125,0.047903687,0.048421204,0.048944473,0.04947266
778,2015-09-05 00:12:58,62.853107,50.0,-0.12797984,62.806725,62.759842,62.712452,62.664547,62.616127,62.567184,62.51771,62.467705,62.41716,62.36607,62.314426,62.26223,62.20947,62.156143,62.102245,62.047768,61.992714,61.937077,61.880848,61.824024,61.766598,61.708565,61.649918,61.590652,61.53076,-0.12797984,-0.12797984,-0.12797984,-0.12797984,-0.12797984,0.039862826,0.040300846,0.040743575,0.041190952,0.041642666,0.0420952,0.04255198,0.043013364,0.04347916,0.04395047,0.04442677,0.04490803,0.045394138,0.045885623,0.04638207,0.046884224,0.04739125,0.047903687,0.048421204,0.048944473
779,2015-09-05 00:12:59,62.898994,50.0,-0.12797984,62.853107,62.806725,62.759842,62.712452,62.664547,62.616127,62.567184,62.51771,62.467705,62.41716,62.36607,62.314426,62.26223,62.20947,62.156143,62.102245,62.047768,61.992714,61.937077,61.880848,61.824024,61.766598,61.708565,61.649918,61.590652,-0.12797984,-0.12797984,-0.12797984,-0.12797984,-0.12797984,-0.12797984,0.039862826,0.040300846,0.040743575,0.041190952,0.041642666,0.0420952,0.04255198,0.043013364,0.04347916,0.04395047,0.04442677,0.04490803,0.045394138,0.045885623,0.04638207,0.046884224,0.04739125,0.047903687,0.048421204
780,2015-09-05 00:13:00,62.94439,50.0,-0.12797984,62.898994,62.853107,62.806725,62.759842,62.712452,62.664547,62.616127,62.567184,62.51771,62.467705,62.41716,62.36607,62.314426,62.26223,62.20947,62.156143,62.102245,62.047768,61.992714,61.937077,61.880848,61.824024,61.766598,61.708565,61.649918,-0.12797984,-0.12797984,-0.12797984,-0.12797984,-0.12797984,-0.12797984,-0.12797984,0.039862826,0.040300846,0.040743575,0.041190952,0.041642666,0.0420952,0.04255198,0.043013364,0.04347916,0.04395047,0.04442677,0.04490803,0.045394138,0.045885623,0.04638207,0.046884224,0.04739125,0.047903687
781,2015-09-05 00:13:01,62.989296,50.0,-0.12797984,62.94439,62.898994,62.853107,62.806725,62.759842,62.712452,62.664547,62.616127,62.567184,62.51771,62.467705,62.41716,62.36607,62.314426,62.26223,62.20947,62.156143,62.102245,62.047768,61.992714,61.937077,61.880848,61.824024,61.766598,61.708565,-0.12797984,-0.12797984,-0.12797984,-0.12797984,-0.12797984,-0.12797984,-0.12797984,-0.12797984,0.039862826,0.040300846,0.040743575,0.041190952,0.041642666,0.0420952,0.04255198,0.043013364,0.04347916,0.04395047,0.04442677,0.04490803,0.045394138,0.045885623,0.04638207,0.046884224,0.04739125
782,2015-09-05 00:13:02,63.033722,50.0,-0.12797984,62.989296,62.94439,62.898994,62.853107,62.806725,62.759842,62.712452,62.664547,62.616127,62.567184,62.51771,62.467705,62.41716,62.36607,62.314426,62.26223,62.20947,62.156143,62.102245,62.047768,61.992714,61.937077,61.880848,61.824024,61.766598,-0.12797984,-0.12797984,-0.12797984,-0.12797984,-0.12797984,-0.12797984,-0.12797984,-0.12797984,-0.12797984,0.039862826,0.040300846,0.040743575,0.041190952,0.041642666,0.0420952,0.04255198,0.043013364,0.04347916,0.04395047,0.04442677,0.04490803,0.045394138,0.045885623,0.04638207,0.046884224
783,2015-09-05 00:13:03,63.07767,50.0,-0.12797984,63.033722,62.989296,62.94439,62.898994,62.853107,62.806725,62.759842,62.712452,62.664547,62.616127,62.567184,62.51771,62.467705,62.41716,62.36607,62.314426,62.26223,62.20947,62.156143,62.102245,62.047768,61.992714,61.937077,61.880848,61.824024,-0.12797984,-0.12797984,-0.12797984,-0.12797984,-0.12797984,-0.12797984,-0.12797984,-0.12797984,-0.12797984,-0.12797984,0.039862826,0.040300846,0.040743575,0.041190952,0.041642666,0.0420952,0.04255198,0.043013364,0.04347916,0.04395047,0.04442677,0.04490803,0.045394138,0.045885623,0.04638207
784,2015-09-05 00:13:04,63.12115,50.0,-0.12797984,63.07767,63.033722,62.989296,62.94439,62.898994,62.853107,62.806725,62.759842,62.712452,62.664547,62.616127,62.567184,62.51771,62.467705,62.41716,62.36607,62.314426,62.26223,62.20947,62.156143,62.102245,62.047768,61.992714,61.937077,61.880848,-0.12797984,-0.12797984,-0.12797984,-0.12797984,-0.12797984,-0.12797984,-0.12797984,-0.12797984,-0.12797984,-0.12797984,-0.12797984,0.039862826,0.040300846,0.040743575,0.041190952,0.041642666,0.0420952,0.04255198,0.043013364,0.04347916,0.04395047,0.04442677,0.04490803,0.045394138,0.045885623
785,2015-09-05 00:13:05,63.164165,50.0,-0.12797984,63.12115,63.07767,63.033722,62.989296,62.94439,62.898994,62.853107,62.806725,62.759842,62.712452,62.664547,62.616127,62.567184,62.51771,62.467705,62.41716,62.36607,62.314426,62.26223,62.20947,62.156143,62.102245,62.047768,61.992714,61.937077,-0.12797984,-0.12797984,-0.12797984,-0.12797984,-0.12797984,-0.12797984,-0.12797984,-0.12797984,-0.12797984,-0.12797984,-0.12797984,-0.12797984,0.039862826,0.040300846,0.040743575,0.041190952,0.041642666,0.0420952,0.04255198,0.043013364,0.04347916,0.04395047,0.04442677,0.04490803,0.045394138
786,2015-09-05 00:13:06,63.20672,50.0,-0.12797984,63.164165,63.12115,63.07767,63.033722,62.989296,62.94439,62.898994,62.853107,62.806725,62.759842,62.712452,62.664547,62.616127,62.567184,62.51771,62.467705,62.41716,62.36607,62.314426,62.26223,62.20947,62.156143,62.102245,62.047768,61.992714,-0.12797984,-0.12797984,-0.12797984,-0.12797984,-0.12797984,-0.12797984,-0.12797984,-0.12797984,-0.12797984,-0.12797984,-0.12797984,-0.12797984,-0.12797984,0.039862826,0.040300846,0.040743575,0.041190952,0.041642666,0.0420952,0.04255198,0.043013364,0.04347916,0.04395047,0.04442677,0.04490803
787,2015-09-05 00:13:07,63.248814,50.0,-0.12797984,63.20672,63.164165,63.12115,63.07767,63.033722,62.989296,62.94439,62.898994,62.853107,62.806725,62.759842,62.712452,62.664547,62.616127,62.567184,62.51771,62.467705,62.41716,62.36607,62.314426,62.26223,62.20947,62.156143,62.102245,62.047768,-0.12797984,-0.12797984,-0.12797984,-0.12797984,-0.12797984,-0.12797984,-0.12797984,-0.12797984,-0.12797984,-0.12797984,-0.12797984,-0.12797984,-0.12797984,-0.12797984,0.039862826,0.040300846,0.040743575,0.041190952,0.041642666,0.0420952,0.04255198,0.043013364,0.04347916,0.04395047,0.04442677
788,2015-09-05 00:13:08,63.290455,50.0,-0.12797984,63.248814,63.20672,63.164165,63.12115,63.07767,63.033722,62.989296,62.94439,62.898994,62.853107,62.806725,62.759842,62.712452,62.664547,62.616127,62.567184,62.51771,62.467705,62.41716,62.36607,62.314426,62.26223,62.20947,62.156143,62.102245,-0.12797984,-0.12797984,-0.12797984,-0.12797984,-0.12797984,-0.12797984,-0.12797984,-0.12797984,-0.12797984,-0.12797984,-0.12797984,-0.12797984,-0.12797984,-0.12797984,-0.12797984,0.039862826,0.040300846,0.040743575,0.041190952,0.041642666,0.0420952,0.04255198,0.043013364,0.04347916,0.04395047
789,2015-09-05 00:13:09,63.331646,50.0,-0.12797984,63.290455,63.248814,63.20672,63.164165,63.12115,63.07767,63.033722,62.989296,62.94439,62.898994,62.853107,62.806725,62.759842,62.712452,62.664547,62.616127,62.567184,62.51771,62.467705,62.41716,62.36607,62.314426,62.26223,62.20947,62.156143,-0.12797984,-0.12797984,-0.12797984,-0.12797984,-0.12797984,-0.12797984,-0.12797984,-0.12797984,-0.12797984,-0.12797984,-0.12797984,-0.12797984,-0.12797984,-0.12797984,-0.12797984,-0.12797984,0.039862826,0.040300846,0.040743575,0.041190952,0.041642666,0.0420952,0.04255198,0.043013364,0.04347916
790,2015-09-05 00:13:10,63.37239,50.0,-0.12797984,63.331646,63.290455,63.248814,63.20672,63.164165,63.12115,63.07767,63.033722,62.989296,62.94439,62.898994,62.853107,62.806725,62.759842,62.712452,62.664547,62.616127,62.567184,62.51771,62.467705,62.41716,62.36607,62.314426,62.26223,62.20947,-0.12797984,-0.12797984,-0.12797984,-0.12797984,-0.12797984,-0.12797984,-0.12797984,-0.12797984,-0.12797984,-0.12797984,-0.12797984,-0.12797984,-0.12797984,-0.12797984,-0.12797984,-0.12797984,-0.12797984,0.039862826,0.040300846,0.040743575,0.041190952,0.041642666,0.0420952,0.04255198,0.043013364
791,2015-09-05 00:13:11,63.412693,50.0,-0.12797984,63.37239,63.331646,63.290455,63.248814,63.20672,63.164165,63.12115,63.07767,63.033722,62.989296,62.94439,62.898994,62.853107,62.806725,62.759842,62.712452,62.664547,62.616127,62.567184,62.51771,62.467705,62.41716,62.36607,62.314426,62.26223,-0.12797984,-0.12797984,-0.12797984,-0.12797984,-0.12797984,-0.12797984,-0.12797984,-0.12797984,-0.12797984,-0.12797984,-0.12797984,-0.12797984,-0.12797984,-0.12797984,-0.12797984,-0.12797984,-0.12797984,-0.12797984,0.039862826,0.040300846,0.040743575,0.041190952,0.041642666,0.0420952,0.04255198
792,2015-09-05 00:13:12,63.452557,50.0,-0.12797984,63.412693,63.37239,63.331646,63.290455,63.248814,63.20672,63.164165,63.12115,63.07767,63.033722,62.989296,62.94439,62.898994,62.853107,62.806725,62.759842,62.712452,62.664547,62.616127,62.567184,62.51771,62.467705,62.41716,62.36607,62.314426,-0.12797984,-0.12797984,-0.12797984,-0.12797984,-0.12797984,-0.12797984,-0.12797984,-0.12797984,-0.12797984,-0.12797984,-0.12797984,-0.12797984,-0.12797984,-0.12797984,-0.12797984,-0.12797984,-0.12797984,-0.12797984,-0.12797984,0.039862826,0.040300846,0.040743575,0.041190952,0.041642666,0.0420952
793,2015-09-05 00:13:13,63.324577,50.0,-0.12797984,63.452557,63.412693,63.37239,63.331646,63.290455,63.248814,63.20672,63.164165,63.12115,63.07767,63.033722,62.989296,62.94439,62.898994,62.853107,62.806725,62.759842,62.712452,62.664547,62.616127,62.567184,62.51771,62.467705,62.41716,62.36607,-0.12797984,-0.12797984,-0.12797984,-0.12797984,-0.12797984,-0.12797984,-0.12797984,-0.12797984,-0.12797984,-0.12797984,-0.12797984,-0.12797984,-0.12797984,-0.12797984,-0.12797984,-0.12797984,-0.12797984,-0.12797984,-0.12797984,-0.12797984,0.039862826,0.040300846,0.040743575,0.041190952,0.041642666
794,2015-09-05 00:13:14,63.196598,50.0,-0.12797984,63.324577,63.452557,63.412693,63.37239,63.331646,63.290455,63.248814,63.20672,63.164165,63.12115,63.07767,63.033722,62.989296,62.94439,62.898994,62.853107,62.806725,62.759842,62.712452,62.664547,62.616127,62.567184,62.51771,62.467705,62.41716,-0.12797984,-0.12797984,-0.12797984,-0.12797984,-0.12797984,-0.12797984,-0.12797984,-0.12797984,-0.12797984,-0.12797984,-0.12797984,-0.12797984,-0.12797984,-0.12797984,-0.12797984,-0.12797984,-0.12797984,-0.12797984,-0.12797984,-0.12797984,-0.12797984,0.039862826,0.040300846,0.040743575,0.041190952
795,2015-09-05 00:13:15,63.06862,50.0,-0.12797984,63.196598,63.324577,63.452557,63.412693,63.37239,63.331646,63.290455,63.248814,63.20672,63.164165,63.12115,63.07767,63.033722,62.989296,62.94439,62.898994,62.853107,62.806725,62.759842,62.712452,62.664547,62.616127,62.567184,62.51771,62.467705,-0.12797984,-0.12797984,-0.12797984,-0.12797984,-0.12797984,-0.12797984,-0.12797984,-0.12797984,-0.12797984,-0.12797984,-0.12797984,-0.12797984,-0.12797984,-0.12797984,-0.12797984,-0.12797984,-0.12797984,-0.12797984,-0.12797984,-0.12797984,-0.12797984,-0.12797984,0.039862826,0.040300846,0.040743575
796,2015-09-05 00:13:16,62.94064,50.0,-0.12797984,63.06862,63.196598,63.324577,63.452557,63.412693,63.37239,63.331646,63.290455,63.248814,63.20672,63.164165,63.12115,63.07767,63.033722,62.989296,62.94439,62.898994,62.853107,62.806725,62.759842,62.712452,62.664547,62.616127,62.567184,62.51771,-0.12797984,-0.12797984,-0.12797984,-0.12797984,-0.12797984,-0.12797984,-0.12797984,-0.12797984,-0.12797984,-0.12797984,-0.12797984,-0.12797984,-0.12797984,-0.12797984,-0.12797984,-0.12797984,-0.12797984,-0.12797984,-0.12797984,-0.12797984,-0.12797984,-0.12797984,-0.12797984,0.039862826,0.040300846
797,2015-09-05 00:13:17,62.81266,50.0,-0.12797984,62.94064,63.06862,63.196598,63.324577,63.452557,63.412693,63.37239,63.331646,63.290455,63.248814,63.20672,63.164165,63.12115,63.07767,63.033722,62.989296,62.94439,62.898994,62.853107,62.806725,62.759842,62.712452,62.664547,62.616127,62.567184,-0.12797984,-0.12797984,-0.12797984,-0.12797984,-0.12797984,-0.12797984,-0.12797984,-0.12797984,-0.12797984,-0.12797984,-0.12797984,-0.12797984,-0.12797984,-0.12797984,-0.12797984,-0.12797984,-0.12797984,-0.12797984,-0.12797984,-0.12797984,-0.12797984,-0.12797984,-0.12797984,-0.12797984,0.039862826
798,2015-09-05 00:13:18,62.68468,80.0,0.023210123,62.81266,62.94064,63.06862,63.196598,63.324577,63.452557,63.412693,63.37239,63.331646,63.290455,63.248814,63.20672,63.164165,63.12115,63.07767,63.033722,62.989296,62.94439,62.898994,62.853107,62.806725,62.759842,62.712452,62.664547,62.616127,-0.12797984,-0.12797984,-0.12797984,-0.12797984,-0.12797984,-0.12797984,-0.12797984,-0.12797984,-0.12797984,-0.12797984,-0.12797984,-0.12797984,-0.12797984,-0.12797984,-0.12797984,-0.12797984,-0.12797984,-0.12797984,-0.12797984,-0.12797984,-0.12797984,-0.12797984,-0.12797984,-0.12797984,-0.12797984
799,2015-09-05 00:13:19,62.5567,80.0,0.02073861,62.68468,62.81266,62.94064,63.06862,63.196598,63.324577,63.452557,63.412693,63.37239,63.331646,63.290455,63.248814,63.20672,63.164165,63.12115,63.07767,63.033722,62.989296,62.94439,62.898994,62.853107,62.806725,62.759842,62.712452,62.664547,0.023210123,-0.12797984,-0.12797984,-0.12797984,-0.12797984,-0.12797984,-0.12797984,-0.12797984,-0.12797984,-0.12797984,-0.12797984,-0.12797984,-0.12797984,-0.12797984,-0.12797984,-0.12797984,-0.12797984,-0.12797984,-0.12797984,-0.12797984,-0.12797984,-0.12797984,-0.12797984,-0.12797984,-0.12797984
800,2015-09-05 00:13:20,62.428722,80.0,0.020017765,62.5567,62.68468,62.81266,62.94064,63.06862,63.196598,63.324577,63.452557,63.412693,63.37239,63.331646,63.290455,63.248814,63.20672,63.164165,63.12115,63.07767,63.033722,62.989296,62.94439,62.898994,62.853107,62.806725,62.759842,62.712452,0.02073861,0.023210123,-0.12797984,-0.12797984,-0.12797984,-0.12797984,-0.12797984,-0.12797984,-0.12797984,-0.12797984,-0.12797984,-0.12797984,-0.12797984,-0.12797984,-0.12797984,-0.12797984,-0.12797984,-0.12797984,-0.12797984,-0.12797984,-0.12797984,-0.12797984,-0.12797984,-0.12797984,-0.12797984
801,2015-09-05 00:13:21,62.300743,80.0,0.019887663,62.428722,62.5567,62.68468,62.81266,62.94064,63.06862,63.196598,63.324577,63.452557,63.412693,63.37239,63.331646,63.290455,63.248814,63.20672,63.164165,63.12115,63.07767,63.033722,62.989296,62.94439,62.898994,62.853107,62.806725,62.759842,0.020017765,0.02073861,0.023210123,-0.12797984,-0.12797984,-0.12797984,-0.12797984,-0.12797984,-0.12797984,-0.12797984,-0.12797984,-0.12797984,-0.12797984,-0.12797984,-0.12797984,-0.12797984,-0.12797984,-0.12797984,-0.12797984,-0.12797984,-0.12797984,-0.12797984,-0.12797984,-0.12797984,-0.12797984
802,2015-09-05 00:13:22,62.172764,80.0,0.019091658,62.300743,62.428722,62.5567,62.68468,62.81266,62.94064,63.06862,63.196598,63.324577,63.452557,63.412693,63.37239,63.331646,63.290455,63.248814,63.20672,63.164165,63.12115,63.07767,63.033722,62.989296,62.94439,62.898994,62.853107,62.806725,0.019887663,0.020017765,0.02073861,0.023210123,-0.12797984,-0.12797984,-0.12797984,-0.12797984,-0.12797984,-0.12797984,-0.12797984,-0.12797984,-0.12797984,-0.12797984,-0.12797984,-0.12797984,-0.12797984,-0.12797984,-0.12797984,-0.12797984,-0.12797984,-0.12797984,-0.12797984,-0.12797984,-0.12797984
803,2015-09-05 00:13:23,62.044785,80.0,0.019242674,62.172764,62.300743,62.428722,62.5567,62.68468,62.81266,62.94064,63.06862,63.196598,63.324577,63.452557,63.412693,63.37239,63.331646,63.290455,63.248814,63.20672,63.164165,63.12115,63.07767,63.033722,62.989296,62.94439,62.898994,62.853107,0.019091658,0.019887663,0.020017765,0.02073861,0.023210123,-0.12797984,-0.12797984,-0.12797984,-0.12797984,-0.12797984,-0.12797984,-0.12797984,-0.12797984,-0.12797984,-0.12797984,-0.12797984,-0.12797984,-0.12797984,-0.12797984,-0.12797984,-0.12797984,-0.12797984,-0.12797984,-0.12797984,-0.12797984
804,2015-09-05 00:13:24,61.916805,80.0,0.01940471,62.044785,62.172764,62.300743,62.428722,62.5567,62.68468,62.81266,62.94064,63.06862,63.196598,63.324577,63.452557,63.412693,63.37239,63.331646,63.290455,63.248814,63.20672,63.164165,63.12115,63.07767,63.033722,62.989296,62.94439,62.898994,0.019242674,0.019091658,0.019887663,0.020017765,0.02073861,0.023210123,-0.12797984,-0.12797984,-0.12797984,-0.12797984,-0.12797984,-0.12797984,-0.12797984,-0.12797984,-0.12797984,-0.12797984,-0.12797984,-0.12797984,-0.12797984,-0.12797984,-0.12797984,-0.12797984,-0.12797984,-0.12797984,-0.12797984
805,2015-09-05 00:13:25,61.788826,80.0,0.018826678,61.916805,62.044785,62.172764,62.300743,62.428722,62.5567,62.68468,62.81266,62.94064,63.06862,63.196598,63.324577,63.452557,63.412693,63.37239,63.331646,63.290455,63.248814,63.20672,63.164165,63.12115,63.07767,63.033722,62.989296,62.94439,0.01940471,0.019242674,0.019091658,0.019887663,0.020017765,0.02073861,0.023210123,-0.12797984,-0.12797984,-0.12797984,-0.12797984,-0.12797984,-0.12797984,-0.12797984,-0.12797984,-0.12797984,-0.12797984,-0.12797984,-0.12797984,-0.12797984,-0.12797984,-0.12797984,-0.12797984,-0.12797984,-0.12797984
806,2015-09-05 00:13:26,61.660847,80.0,0.01998654,61.788826,61.916805,62.044785,62.172764,62.300743,62.428722,62.5567,62.68468,62.81266,62.94064,63.06862,63.196598,63.324577,63.452557,63.412693,63.37239,63.331646,63.290455,63.248814,63.20672,63.164165,63.12115,63.07767,63.033722,62.989296,0.018826678,0.01940471,0.019242674,0.019091658,0.019887663,0.020017765,0.02073861,0.023210123,-0.12797984,-0.12797984,-0.12797984,-0.12797984,-0.12797984,-0.12797984,-0.12797984,-0.12797984,-0.12797984,-0.12797984,-0.12797984,-0.12797984,-0.12797984,-0.12797984,-0.12797984,-0.12797984,-0.12797984
807,2015-09-05 00:13:27,61.532867,80.0,0.02037701,61.660847,61.788826,61.916805,62.044785,62.172764,62.300743,62.428722,62.5567,62.68468,62.81266,62.94064,63.06862,63.196598,63.324577,63.452557,63.412693,63.37239,63.331646,63.290455,63.248814,63.20672,63.164165,63.12115,63.07767,63.033722,0.01998654,0.018826678,0.01940471,0.019242674,0.019091658,0.019887663,0.020017765,0.02073861,0.023210123,-0.12797984,-0.12797984,-0.12797984,-0.12797984,-0.12797984,-0.12797984,-0.12797984,-0.12797984,-0.12797984,-0.12797984,-0.12797984,-0.12797984,-0.12797984,-0.12797984,-0.12797984,-0.12797984
808,2015-09-05 00:13:28,61.40489,80.0,0.021321245,61.532867,61.660847,61.788826,61.916805,62.044785,62.172764,62.300743,62.428722,62.5567,62.68468,62.81266,62.94064,63.06862,63.196598,63.324577,63.452557,63.412693,63.37239,63.331646,63.290455,63.248814,63.20672,63.164165,63.12115,63.07767,0.02037701,0.01998654,0.018826678,0.01940471,0.019242674,0.019091658,0.019887663,0.020017765,0.02073861,0.023210123,-0.12797984,-0.12797984,-0.12797984,-0.12797984,-0.12797984,-0.12797984,-0.12797984,-0.12797984,-0.12797984,-0.12797984,-0.12797984,-0.12797984,-0.12797984,-0.12797984,-0.12797984
809,2015-09-05 00:13:29,61.27691,80.0,0.022815876,61.40489,61.532867,61.660847,61.788826,61.916805,62.044785,62.172764,62.300743,62.428722,62.5567,62.68468,62.81266,62.94064,63.06862,63.196598,63.324577,63.452557,63.412693,63.37239,63.331646,63.290455,63.248814,63.20672,63.164165,63.12115,0.021321245,0.02037701,0.01998654,0.018826678,0.01940471,0.019242674,0.019091658,0.019887663,0.020017765,0.02073861,0.023210123,-0.12797984,-0.12797984,-0.12797984,-0.12797984,-0.12797984,-0.12797984,-0.12797984,-0.12797984,-0.12797984,-0.12797984,-0.12797984,-0.12797984,-0.12797984,-0.12797984
810,2015-09-05 00:13:30,61.14893,80.0,0.024632081,61.27691,61.40489,61.532867,61.660847,61.788826,61.916805,62.044785,62.172764,62.300743,62.428722,62.5567,62.68468,62.81266,62.94064,63.06862,63.196598,63.324577,63.452557,63.412693,63.37239,63.331646,63.290455,63.248814,63.20672,63.164165,0.022815876,0.021321245,0.02037701,0.01998654,0.018826678,0.01940471,0.019242674,0.019091658,0.019887663,0.020017765,0.02073861,0.023210123,-0.12797984,-0.12797984,-0.12797984,-0.12797984,-0.12797984,-0.12797984,-0.12797984,-0.12797984,-0.12797984,-0.12797984,-0.12797984,-0.12797984,-0.12797984
811,2015-09-05 00:13:31,61.02095,80.0,0.026104867,61.14893,61.27691,61.40489,61.532867,61.660847,61.788826,61.916805,62.044785,62.172764,62.300743,62.428722,62.5567,62.68468,62.81266,62.94064,63.06862,63.196598,63.324577,63.452557,63.412693,63.37239,63.331646,63.290455,63.248814,63.20672,0.024632081,0.022815876,0.021321245,0.02037701,0.01998654,0.018826678,0.01940471,0.019242674,0.019091658,0.019887663,0.020017765,0.02073861,0.023210123,-0.12797984,-0.12797984,-0.12797984,-0.12797984,-0.12797984,-0.12797984,-0.12797984,-0.12797984,-0.12797984,-0.12797984,-0.12797984,-0.12797984
812,2015-09-05 00:13:32,60.89297,80.0,0.02758421,61.02095,61.14893,61.27691,61.40489,61.532867,61.660847,61.788826,61.916805,62.044785,62.172764,62.300743,62.428722,62.5567,62.68468,62.81266,62.94064,63.06862,63.196598,63.324577,63.452557,63.412693,63.37239,63.331646,63.290455,63.248814,0.026104867,0.024632081,0.022815876,0.021321245,0.02037701,0.01998654,0.018826678,0.01940471,0.019242674,0.019091658,0.019887663,0.020017765,0.02073861,0.023210123,-0.12797984,-0.12797984,-0.12797984,-0.12797984,-0.12797984,-0.12797984,-0.12797984,-0.12797984,-0.12797984,-0.12797984,-0.12797984
813,2015-09-05 00:13:33,60.76499,80.0,0.028930284,60.89297,61.02095,61.14893,61.27691,61.40489,61.532867,61.660847,61.788826,61.916805,62.044785,62.172764,62.300743,62.428722,62.5567,62.68468,62.81266,62.94064,63.06862,63.196598,63.324577,63.452557,63.412693,63.37239,63.331646,63.290455,0.02758421,0.026104867,0.024632081,0.022815876,0.021321245,0.02037701,0.01998654,0.018826678,0.01940471,0.019242674,0.019091658,0.019887663,0.020017765,0.02073861,0.023210123,-0.12797984,-0.12797984,-0.12797984,-0.12797984,-0.12797984,-0.12797984,-0.12797984,-0.12797984,-0.12797984,-0.12797984
814,2015-09-05 00:13:34,60.637012,80.0,0.0293912,60.76499,60.89297,61.02095,61.14893,61.27691,61.40489,61.532867,61.660847,61.788826,61.916805,62.044785,62.172764,62.300743,62.428722,62.5567,62.68468,62.81266,62.94064,63.06862,63.196598,63.324577,63.452557,63.412693,63.37239,63.331646,0.028930284,0.02758421,0.026104867,0.024632081,0.022815876,0.021321245,0.02037701,0.01998654,0.018826678,0.01940471,0.019242674,0.019091658,0.019887663,0.020017765,0.02073861,0.023210123,-0.12797984,-0.12797984,-0.12797984,-0.12797984,-0.12797984,-0.12797984,-0.12797984,-0.12797984,-0.12797984
815,2015-09-05 00:13:35,60.509033,80.0,0.029776007,60.637012,60.76499,60.89297,61.02095,61.14893,61.27691,61.40489,61.532867,61.660847,61.788826,61.916805,62.044785,62.172764,62.300743,62.428722,62.5567,62.68468,62.81266,62.94064,63.06862,63.196598,63.324577,63.452557,63.412693,63.37239,0.0293912,0.028930284,0.02758421,0.026104867,0.024632081,0.022815876,0.021321245,0.02037701,0.01998654,0.018826678,0.01940471,0.019242674,0.019091658,0.019887663,0.020017765,0.02073861,0.023210123,-0.12797984,-0.12797984,-0.12797984,-0.12797984,-0.12797984,-0.12797984,-0.12797984,-0.12797984
816,2015-09-05 00:13:36,60.381054,80.0,0.030831397,60.509033,60.637012,60.76499,60.89297,61.02095,61.14893,61.27691,61.40489,61.532867,61.660847,61.788826,61.916805,62.044785,62.172764,62.300743,62.428722,62.5567,62.68468,62.81266,62.94064,63.06862,63.196598,63.324577,63.452557,63.412693,0.029776007,0.0293912,0.028930284,0.02758421,0.026104867,0.024632081,0.022815876,0.021321245,0.02037701,0.01998654,0.018826678,0.01940471,0.019242674,0.019091658,0.019887663,0.020017765,0.02073861,0.023210123,-0.12797984,-0.12797984,-0.12797984,-0.12797984,-0.12797984,-0.12797984,-0.12797984
817,2015-09-05 00:13:37,60.253075,80.0,0.032823727,60.381054,60.509033,60.637012,60.76499,60.89297,61.02095,61.14893,61.27691,61.40489,61.532867,61.660847,61.788826,61.916805,62.044785,62.172764,62.300743,62.428722,62.5567,62.68468,62.81266,62.94064,63.06862,63.196598,63.324577,63.452557,0.030831397,0.029776007,0.0293912,0.028930284,0.02758421,0.026104867,0.024632081,0.022815876,0.021321245,0.02037701,0.01998654,0.018826678,0.01940471,0.019242674,0.019091658,0.019887663,0.020017765,0.02073861,0.023210123,-0.12797984,-0.12797984,-0.12797984,-0.12797984,-0.12797984,-0.12797984
818,2015-09-05 00:13:38,60.276283,80.0,0.0334147,60.253075,60.381054,60.509033,60.637012,60.76499,60.89297,61.02095,61.14893,61.27691,61.40489,61.532867,61.660847,61.788826,61.916805,62.044785,62.172764,62.300743,62.428722,62.5567,62.68468,62.81266,62.94064,63.06862,63.196598,63.324577,0.032823727,0.030831397,0.029776007,0.0293912,0.028930284,0.02758421,0.026104867,0.024632081,0.022815876,0.021321245,0.02037701,0.01998654,0.018826678,0.01940471,0.019242674,0.019091658,0.019887663,0.020017765,0.02073861,0.023210123,-0.12797984,-0.12797984,-0.12797984,-0.12797984,-0.12797984
819,2015-09-05 00:13:39,60.297024,80.0,0.03514853,60.276283,60.253075,60.381054,60.509033,60.637012,60.76499,60.89297,61.02095,61.14893,61.27691,61.40489,61.532867,61.660847,61.788826,61.916805,62.044785,62.172764,62.300743,62.428722,62.5567,62.68468,62.81266,62.94064,63.06862,63.196598,0.0334147,0.032823727,0.030831397,0.029776007,0.0293912,0.028930284,0.02758421,0.026104867,0.024632081,0.022815876,0.021321245,0.02037701,0.01998654,0.018826678,0.01940471,0.019242674,0.019091658,0.019887663,0.020017765,0.02073861,0.023210123,-0.12797984,-0.12797984,-0.12797984,-0.12797984
820,2015-09-05 00:13:40,60.317043,80.0,0.03727889,60.297024,60.276283,60.253075,60.381054,60.509033,60.637012,60.76499,60.89297,61.02095,61.14893,61.27691,61.40489,61.532867,61.660847,61.788826,61.916805,62.044785,62.172764,62.300743,62.428722,62.5567,62.68468,62.81266,62.94064,63.06862,0.03514853,0.0334147,0.032823727,0.030831397,0.029776007,0.0293912,0.028930284,0.02758421,0.026104867,0.024632081,0.022815876,0.021321245,0.02037701,0.01998654,0.018826678,0.01940471,0.019242674,0.019091658,0.019887663,0.020017765,0.02073861,0.023210123,-0.12797984,-0.12797984,-0.12797984
821,2015-09-05 00:13:41,60.33693,80.0,0.03922449,60.317043,60.297024,60.276283,60.253075,60.381054,60.509033,60.637012,60.76499,60.89297,61.02095,61.14893,61.27691,61.40489,61.532867,61.660847,61.788826,61.916805,62.044785,62.172764,62.300743,62.428722,62.5567,62.68468,62.81266,62.94064,0.03727889,0.03514853,0.0334147,0.032823727,0.030831397,0.029776007,0.0293912,0.028930284,0.02758421,0.026104867,0.024632081,0.022815876,0.021321245,0.02037701,0.01998654,0.018826678,0.01940471,0.019242674,0.019091658,0.019887663,0.020017765,0.02073861,0.023210123,-0.12797984,-0.12797984
822,2015-09-05 00:13:42,60.35602,80.0,0.040415704,60.33693,60.317043,60.297024,60.276283,60.253075,60.381054,60.509033,60.637012,60.76499,60.89297,61.02095,61.14893,61.27691,61.40489,61.532867,61.660847,61.788826,61.916805,62.044785,62.172764,62.300743,62.428722,62.5567,62.68468,62.81266,0.03922449,0.03727889,0.03514853,0.0334147,0.032823727,0.030831397,0.029776007,0.0293912,0.028930284,0.02758421,0.026104867,0.024632081,0.022815876,0.021321245,0.02037701,0.01998654,0.018826678,0.01940471,0.019242674,0.019091658,0.019887663,0.020017765,0.02073861,0.023210123,-0.12797984
823,2015-09-05 00:13:43,60.375263,80.0,0.043393016,60.35602,60.33693,60.317043,60.297024,60.276283,60.253075,60.381054,60.509033,60.637012,60.76499,60.89297,61.02095,61.14893,61.27691,61.40489,61.532867,61.660847,61.788826,61.916805,62.044785,62.172764,62.300743,62.428722,62.5567,62.68468,0.040415704,0.03922449,0.03727889,0.03514853,0.0334147,0.032823727,0.030831397,0.029776007,0.0293912,0.028930284,0.02758421,0.026104867,0.024632081,0.022815876,0.021321245,0.02037701,0.01998654,0.018826678,0.01940471,0.019242674,0.019091658,0.019887663,0.020017765,0.02073861,0.023210123
824,2015-09-05 00:13:44,60.39467,80.0,0.04607442,60.375263,60.35602,60.33693,60.317043,60.297024,60.276283,60.253075,60.381054,60.509033,60.637012,60.76499,60.89297,61.02095,61.14893,61.27691,61.40489,61.532867,61.660847,61.788826,61.916805,62.044785,62.172764,62.300743,62.428722,62.5567,0.043393016,0.040415704,0.03922449,0.03727889,0.03514853,0.0334147,0.032823727,0.030831397,0.029776007,0.0293912,0.028930284,0.02758421,0.026104867,0.024632081,0.022815876,0.021321245,0.02037701,0.01998654,0.018826678,0.01940471,0.019242674,0.019091658,0.019887663,0.020017765,0.02073861
825,2015-09-05 00:13:45,60.413494,80.0,0.04780987,60.39467,60.375263,60.35602,60.33693,60.317043,60.297024,60.276283,60.253075,60.381054,60.509033,60.637012,60.76499,60.89297,61.02095,61.14893,61.27691,61.40489,61.532867,61.660847,61.788826,61.916805,62.044785,62.172764,62.300743,62.428722,0.04607442,0.043393016,0.040415704,0.03922449,0.03727889,0.03514853,0.0334147,0.032823727,0.030831397,0.029776007,0.0293912,0.028930284,0.02758421,0.026104867,0.024632081,0.022815876,0.021321245,0.02037701,0.01998654,0.018826678,0.01940471,0.019242674,0.019091658,0.019887663,0.020017765
826,2015-09-05 00:13:46,60.43348,80.0,0.048737794,60.413494,60.39467,60.375263,60.35602,60.33693,60.317043,60.297024,60.276283,60.253075,60.381054,60.509033,60.637012,60.76499,60.89297,61.02095,61.14893,61.27691,61.40489,61.532867,61.660847,61.788826,61.916805,62.044785,62.172764,62.300743,0.04780987,0.04607442,0.043393016,0.040415704,0.03922449,0.03727889,0.03514853,0.0334147,0.032823727,0.030831397,0.029776007,0.0293912,0.028930284,0.02758421,0.026104867,0.024632081,0.022815876,0.021321245,0.02037701,0.01998654,0.018826678,0.01940471,0.019242674,0.019091658,0.019887663
827,2015-09-05 00:13:47,60.453857,80.0,0.04999286,60.43348,60.413494,60.39467,60.375263,60.35602,60.33693,60.317043,60.297024,60.276283,60.253075,60.381054,60.509033,60.637012,60.76499,60.89297,61.02095,61.14893,61.27691,61.40489,61.532867,61.660847,61.788826,61.916805,62.044785,62.172764,0.048737794,0.04780987,0.04607442,0.043393016,0.040415704,0.03922449,0.03727889,0.03514853,0.0334147,0.032823727,0.030831397,0.029776007,0.0293912,0.028930284,0.02758421,0.026104867,0.024632081,0.022815876,0.021321245,0.02037701,0.01998654,0.018826678,0.01940471,0.019242674,0.019091658
828,2015-09-05 00:13:48,60.475178,80.0,0.051267862,60.453857,60.43348,60.413494,60.39467,60.375263,60.35602,60.33693,60.317043,60.297024,60.276283,60.253075,60.381054,60.509033,60.637012,60.76499,60.89297,61.02095,61.14893,61.27691,61.40489,61.532867,61.660847,61.788826,61.916805,62.044785,0.04999286,0.048737794,0.04780987,0.04607442,0.043393016,0.040415704,0.03922449,0.03727889,0.03514853,0.0334147,0.032823727,0.030831397,0.029776007,0.0293912,0.028930284,0.02758421,0.026104867,0.024632081,0.022815876,0.021321245,0.02037701,0.01998654,0.018826678,0.01940471,0.019242674
829,2015-09-05 00:13:49,60.497993,80.0,0.05186622,60.475178,60.453857,60.43348,60.413494,60.39467,60.375263,60.35602,60.33693,60.317043,60.297024,60.276283,60.253075,60.381054,60.509033,60.637012,60.76499,60.89297,61.02095,61.14893,61.27691,61.40489,61.532867,61.660847,61.788826,61.916805,0.051267862,0.04999286,0.048737794,0.04780987,0.04607442,0.043393016,0.040415704,0.03922449,0.03727889,0.03514853,0.0334147,0.032823727,0.030831397,0.029776007,0.0293912,0.028930284,0.02758421,0.026104867,0.024632081,0.022815876,0.021321245,0.02037701,0.01998654,0.018826678,0.01940471
830,2015-09-05 00:13:50,60.522625,80.0,0.051635146,60.497993,60.475178,60.453857,60.43348,60.413494,60.39467,60.375263,60.35602,60.33693,60.317043,60.297024,60.276283,60.253075,60.381054,60.509033,60.637012,60.76499,60.89297,61.02095,61.14893,61.27691,61.40489,61.532867,61.660847,61.788826,0.05186622,0.051267862,0.04999286,0.048737794,0.04780987,0.04607442,0.043393016,0.040415704,0.03922449,0.03727889,0.03514853,0.0334147,0.032823727,0.030831397,0.029776007,0.0293912,0.028930284,0.02758421,0.026104867,0.024632081,0.022815876,0.021321245,0.02037701,0.01998654,0.018826678
831,2015-09-05 00:13:51,60.54873,80.0,0.052052557,60.522625,60.497993,60.475178,60.453857,60.43348,60.413494,60.39467,60.375263,60.35602,60.33693,60.317043,60.297024,60.276283,60.253075,60.381054,60.509033,60.637012,60.76499,60.89297,61.02095,61.14893,61.27691,61.40489,61.532867,61.660847,0.051635146,0.05186622,0.051267862,0.04999286,0.048737794,0.04780987,0.04607442,0.043393016,0.040415704,0.03922449,0.03727889,0.03514853,0.0334147,0.032823727,0.030831397,0.029776007,0.0293912,0.028930284,0.02758421,0.026104867,0.024632081,0.022815876,0.021321245,0.02037701,0.01998654
832,2015-09-05 00:13:52,60.576313,80.0,0.05249992,60.54873,60.522625,60.497993,60.475178,60.453857,60.43348,60.413494,60.39467,60.375263,60.35602,60.33693,60.317043,60.297024,60.276283,60.253075,60.381054,60.509033,60.637012,60.76499,60.89297,61.02095,61.14893,61.27691,61.40489,61.532867,0.052052557,0.051635146,0.05186622,0.051267862,0.04999286,0.048737794,0.04780987,0.04607442,0.043393016,0.040415704,0.03922449,0.03727889,0.03514853,0.0334147,0.032823727,0.030831397,0.029776007,0.0293912,0.028930284,0.02758421,0.026104867,0.024632081,0.022815876,0.021321245,0.02037701
833,2015-09-05 00:13:53,60.605244,80.0,0.052879304,60.576313,60.54873,60.522625,60.497993,60.475178,60.453857,60.43348,60.413494,60.39467,60.375263,60.35602,60.33693,60.317043,60.297024,60.276283,60.253075,60.381054,60.509033,60.637012,60.76499,60.89297,61.02095,61.14893,61.27691,61.40489,0.05249992,0.052052557,0.051635146,0.05186622,0.051267862,0.04999286,0.048737794,0.04780987,0.04607442,0.043393016,0.040415704,0.03922449,0.03727889,0.03514853,0.0334147,0.032823727,0.030831397,0.029776007,0.0293912,0.028930284,0.02758421,0.026104867,0.024632081,0.022815876,0.021321245
834,2015-09-05 00:13:54,60.634636,80.0,0.052285567,60.605244,60.576313,60.54873,60.522625,60.497993,60.475178,60.453857,60.43348,60.413494,60.39467,60.375263,60.35602,60.33693,60.317043,60.297024,60.276283,60.253075,60.381054,60.509033,60.637012,60.76499,60.89297,61.02095,61.14893,61.27691,0.052879304,0.05249992,0.052052557,0.051635146,0.05186622,0.051267862,0.04999286,0.048737794,0.04780987,0.04607442,0.043393016,0.040415704,0.03922449,0.03727889,0.03514853,0.0334147,0.032823727,0.030831397,0.029776007,0.0293912,0.028930284,0.02758421,0.026104867,0.024632081,0.022815876
835,2015-09-05 00:13:55,60.664413,80.0,0.05245462,60.634636,60.605244,60.576313,60.54873,60.522625,60.497993,60.475178,60.453857,60.43348,60.413494,60.39467,60.375263,60.35602,60.33693,60.317043,60.297024,60.276283,60.253075,60.381054,60.509033,60.637012,60.76499,60.89297,61.02095,61.14893,0.052285567,0.052879304,0.05249992,0.052052557,0.051635146,0.05186622,0.051267862,0.04999286,0.048737794,0.04780987,0.04607442,0.043393016,0.040415704,0.03922449,0.03727889,0.03514853,0.0334147,0.032823727,0.030831397,0.029776007,0.0293912,0.028930284,0.02758421,0.026104867,0.024632081
836,2015-09-05 00:13:56,60.695244,80.0,0.05192122,60.664413,60.634636,60.605244,60.576313,60.54873,60.522625,60.497993,60.475178,60.453857,60.43348,60.413494,60.39467,60.375263,60.35602,60.33693,60.317043,60.297024,60.276283,60.253075,60.381054,60.509033,60.637012,60.76499,60.89297,61.02095,0.05245462,0.052285567,0.052879304,0.05249992,0.052052557,0.051635146,0.05186622,0.051267862,0.04999286,0.048737794,0.04780987,0.04607442,0.043393016,0.040415704,0.03922449,0.03727889,0.03514853,0.0334147,0.032823727,0.030831397,0.029776007,0.0293912,0.028930284,0.02758421,0.026104867
837,2015-09-05 00:13:57,60.72807,80.0,0.051726624,60.695244,60.664413,60.634636,60.605244,60.576313,60.54873,60.522625,60.497993,60.475178,60.453857,60.43348,60.413494,60.39467,60.375263,60.35602,60.33693,60.317043,60.297024,60.276283,60.253075,60.381054,60.509033,60.637012,60.76499,60.89297,0.05192122,0.05245462,0.052285567,0.052879304,0.05249992,0.052052557,0.051635146,0.05186622,0.051267862,0.04999286,0.048737794,0.04780987,0.04607442,0.043393016,0.040415704,0.03922449,0.03727889,0.03514853,0.0334147,0.032823727,0.030831397,0.029776007,0.0293912,0.028930284,0.02758421
838,2015-09-05 00:13:58,60.761482,80.0,0.05133514,60.72807,60.695244,60.664413,60.634636,60.605244,60.576313,60.54873,60.522625,60.497993,60.475178,60.453857,60.43348,60.413494,60.39467,60.375263,60.35602,60.33693,60.317043,60.297024,60.276283,60.253075,60.381054,60.509033,60.637012,60.76499,0.051726624,0.05192122,0.05245462,0.052285567,0.052879304,0.05249992,0.052052557,0.051635146,0.05186622,0.051267862,0.04999286,0.048737794,0.04780987,0.04607442,0.043393016,0.040415704,0.03922449,0.03727889,0.03514853,0.0334147,0.032823727,0.030831397,0.029776007,0.0293912,0.028930284
839,2015-09-05 00:13:59,60.79663,80.0,0.050871044,60.761482,60.72807,60.695244,60.664413,60.634636,60.605244,60.576313,60.54873,60.522625,60.497993,60.475178,60.453857,60.43348,60.413494,60.39467,60.375263,60.35602,60.33693,60.317043,60.297024,60.276283,60.253075,60.381054,60.509033,60.637012,0.05133514,0.051726624,0.05192122,0.05245462,0.052285567,0.052879304,0.05249992,0.052052557,0.051635146,0.05186622,0.051267862,0.04999286,0.048737794,0.04780987,0.04607442,0.043393016,0.040415704,0.03922449,0.03727889,0.03514853,0.0334147,0.032823727,0.030831397,0.029776007,0.0293912
840,2015-09-05 00:14:00,60.833908,80.0,0.050766706,60.79663,60.761482,60.72807,60.695244,60.664413,60.634636,60.605244,60.576313,60.54873,60.522625,60.497993,60.475178,60.453857,60.43348,60.413494,60.39467,60.375263,60.35602,60.33693,60.317043,60.297024,60.276283,60.253075,60.381054,60.509033,0.050871044,0.05133514,0.051726624,0.05192122,0.05245462,0.052285567,0.052879304,0.05249992,0.052052557,0.051635146,0.05186622,0.051267862,0.04999286,0.048737794,0.04780987,0.04607442,0.043393016,0.040415704,0.03922449,0.03727889,0.03514853,0.0334147,0.032823727,0.030831397,0.029776007
841,2015-09-05 00:14:01,60.87313,80.0,0.05033508,60.833908,60.79663,60.761482,60.72807,60.695244,60.664413,60.634636,60.605244,60.576313,60.54873,60.522625,60.497993,60.475178,60.453857,60.43348,60.413494,60.39467,60.375263,60.35602,60.33693,60.317043,60.297024,60.276283,60.253075,60.381054,0.050766706,0.050871044,0.05133514,0.051726624,0.05192122,0.05245462,0.052285567,0.052879304,0.05249992,0.052052557,0.051635146,0.05186622,0.051267862,0.04999286,0.048737794,0.04780987,0.04607442,0.043393016,0.040415704,0.03922449,0.03727889,0.03514853,0.0334147,0.032823727,0.030831397
842,2015-09-05 00:14:02,60.913548,80.0,0.049574986,60.87313,60.833908,60.79663,60.761482,60.72807,60.695244,60.664413,60.634636,60.605244,60.576313,60.54873,60.522625,60.497993,60.475178,60.453857,60.43348,60.413494,60.39467,60.375263,60.35602,60.33693,60.317043,60.297024,60.276283,60.253075,0.05033508,0.050766706,0.050871044,0.05133514,0.051726624,0.05192122,0.05245462,0.052285567,0.052879304,0.05249992,0.052052557,0.051635146,0.05186622,0.051267862,0.04999286,0.048737794,0.04780987,0.04607442,0.043393016,0.040415704,0.03922449,0.03727889,0.03514853,0.0334147,0.032823727
843,2015-09-05 00:14:03,60.95694,80.0,0.04948604,60.913548,60.87313,60.833908,60.79663,60.761482,60.72807,60.695244,60.664413,60.634636,60.605244,60.576313,60.54873,60.522625,60.497993,60.475178,60.453857,60.43348,60.413494,60.39467,60.375263,60.35602,60.33693,60.317043,60.297024,60.276283,0.049574986,0.05033508,0.050766706,0.050871044,0.05133514,0.051726624,0.05192122,0.05245462,0.052285567,0.052879304,0.05249992,0.052052557,0.051635146,0.05186622,0.051267862,0.04999286,0.048737794,0.04780987,0.04607442,0.043393016,0.040415704,0.03922449,0.03727889,0.03514853,0.0334147
844,2015-09-05 00:14:04,61.003014,80.0,0.04935792,60.95694,60.913548,60.87313,60.833908,60.79663,60.761482,60.72807,60.695244,60.664413,60.634636,60.605244,60.576313,60.54873,60.522625,60.497993,60.475178,60.453857,60.43348,60.413494,60.39467,60.375263,60.35602,60.33693,60.317043,60.297024,0.04948604,0.049574986,0.05033508,0.050766706,0.050871044,0.05133514,0.051726624,0.05192122,0.05245462,0.052285567,0.052879304,0.05249992,0.052052557,0.051635146,0.05186622,0.051267862,0.04999286,0.048737794,0.04780987,0.04607442,0.043393016,0.040415704,0.03922449,0.03727889,0.03514853
845,2015-09-05 00:14:05,61.050823,80.0,0.049257144,61.003014,60.95694,60.913548,60.87313,60.833908,60.79663,60.761482,60.72807,60.695244,60.664413,60.634636,60.605244,60.576313,60.54873,60.522625,60.497993,60.475178,60.453857,60.43348,60.413494,60.39467,60.375263,60.35602,60.33693,60.317043,0.04935792,0.04948604,0.049574986,0.05033508,0.050766706,0.050871044,0.05133514,0.051726624,0.05192122,0.05245462,0.052285567,0.052879304,0.05249992,0.052052557,0.051635146,0.05186622,0.051267862,0.04999286,0.048737794,0.04780987,0.04607442,0.043393016,0.040415704,0.03922449,0.03727889
846,2015-09-05 00:14:06,61.09956,80.0,0.049165174,61.050823,61.003014,60.95694,60.913548,60.87313,60.833908,60.79663,60.761482,60.72807,60.695244,60.664413,60.634636,60.605244,60.576313,60.54873,60.522625,60.497993,60.475178,60.453857,60.43348,60.413494,60.39467,60.375263,60.35602,60.33693,0.049257144,0.04935792,0.04948604,0.049574986,0.05033508,0.050766706,0.050871044,0.05133514,0.051726624,0.05192122,0.05245462,0.052285567,0.052879304,0.05249992,0.052052557,0.051635146,0.05186622,0.051267862,0.04999286,0.048737794,0.04780987,0.04607442,0.043393016,0.040415704,0.03922449
847,2015-09-05 00:14:07,61.14955,80.0,0.049036115,61.09956,61.050823,61.003014,60.95694,60.913548,60.87313,60.833908,60.79663,60.761482,60.72807,60.695244,60.664413,60.634636,60.605244,60.576313,60.54873,60.522625,60.497993,60.475178,60.453857,60.43348,60.413494,60.39467,60.375263,60.35602,0.049165174,0.049257144,0.04935792,0.04948604,0.049574986,0.05033508,0.050766706,0.050871044,0.05133514,0.051726624,0.05192122,0.05245462,0.052285567,0.052879304,0.05249992,0.052052557,0.051635146,0.05186622,0.051267862,0.04999286,0.048737794,0.04780987,0.04607442,0.043393016,0.040415704
848,2015-09-05 00:14:08,61.20082,80.0,0.04889366,61.14955,61.09956,61.050823,61.003014,60.95694,60.913548,60.87313,60.833908,60.79663,60.761482,60.72807,60.695244,60.664413,60.634636,60.605244,60.576313,60.54873,60.522625,60.497993,60.475178,60.453857,60.43348,60.413494,60.39467,60.375263,0.049036115,0.049165174,0.049257144,0.04935792,0.04948604,0.049574986,0.05033508,0.050766706,0.050871044,0.05133514,0.051726624,0.05192122,0.05245462,0.052285567,0.052879304,0.05249992,0.052052557,0.051635146,0.05186622,0.051267862,0.04999286,0.048737794,0.04780987,0.04607442,0.043393016
849,2015-09-05 00:14:09,61.252686,80.0,0.048754558,61.20082,61.14955,61.09956,61.050823,61.003014,60.95694,60.913548,60.87313,60.833908,60.79663,60.761482,60.72807,60.695244,60.664413,60.634636,60.605244,60.576313,60.54873,60.522625,60.497993,60.475178,60.453857,60.43348,60.413494,60.39467,0.04889366,0.049036115,0.049165174,0.049257144,0.04935792,0.04948604,0.049574986,0.05033508,0.050766706,0.050871044,0.05133514,0.051726624,0.05192122,0.05245462,0.052285567,0.052879304,0.05249992,0.052052557,0.051635146,0.05186622,0.051267862,0.04999286,0.048737794,0.04780987,0.04607442
850,2015-09-05 00:14:10,61.30432,80.0,0.0485996,61.252686,61.20082,61.14955,61.09956,61.050823,61.003014,60.95694,60.913548,60.87313,60.833908,60.79663,60.761482,60.72807,60.695244,60.664413,60.634636,60.605244,60.576313,60.54873,60.522625,60.497993,60.475178,60.453857,60.43348,60.413494,0.048754558,0.04889366,0.049036115,0.049165174,0.049257144,0.04935792,0.04948604,0.049574986,0.05033508,0.050766706,0.050871044,0.05133514,0.051726624,0.05192122,0.05245462,0.052285567,0.052879304,0.05249992,0.052052557,0.051635146,0.05186622,0.051267862,0.04999286,0.048737794,0.04780987
851,2015-09-05 00:14:11,61.356373,80.0,0.048398912,61.30432,61.252686,61.20082,61.14955,61.09956,61.050823,61.003014,60.95694,60.913548,60.87313,60.833908,60.79663,60.761482,60.72807,60.695244,60.664413,60.634636,60.605244,60.576313,60.54873,60.522625,60.497993,60.475178,60.453857,60.43348,0.0485996,0.048754558,0.04889366,0.049036115,0.049165174,0.049257144,0.04935792,0.04948604,0.049574986,0.05033508,0.050766706,0.050871044,0.05133514,0.051726624,0.05192122,0.05245462,0.052285567,0.052879304,0.05249992,0.052052557,0.051635146,0.05186622,0.051267862,0.04999286,0.048737794
852,2015-09-05 00:14:12,61.408875,80.0,0.048170507,61.356373,61.30432,61.252686,61.20082,61.14955,61.09956,61.050823,61.003014,60.95694,60.913548,60.87313,60.833908,60.79663,60.761482,60.72807,60.695244,60.664413,60.634636,60.605244,60.576313,60.54873,60.522625,60.497993,60.475178,60.453857,0.048398912,0.0485996,0.048754558,0.04889366,0.049036115,0.049165174,0.049257144,0.04935792,0.04948604,0.049574986,0.05033508,0.050766706,0.050871044,0.05133514,0.051726624,0.05192122,0.05245462,0.052285567,0.052879304,0.05249992,0.052052557,0.051635146,0.05186622,0.051267862,0.04999286
853,2015-09-05 00:14:13,61.461754,80.0,0.04792604,61.408875,61.356373,61.30432,61.252686,61.20082,61.14955,61.09956,61.050823,61.003014,60.95694,60.913548,60.87313,60.833908,60.79663,60.761482,60.72807,60.695244,60.664413,60.634636,60.605244,60.576313,60.54873,60.522625,60.497993,60.475178,0.048170507,0.048398912,0.0485996,0.048754558,0.04889366,0.049036115,0.049165174,0.049257144,0.04935792,0.04948604,0.049574986,0.05033508,0.050766706,0.050871044,0.05133514,0.051726624,0.05192122,0.05245462,0.052285567,0.052879304,0.05249992,0.052052557,0.051635146,0.05186622,0.051267862
854,2015-09-05 00:14:14,61.514038,80.0,0.047674567,61.461754,61.408875,61.356373,61.30432,61.252686,61.20082,61.14955,61.09956,61.050823,61.003014,60.95694,60.913548,60.87313,60.833908,60.79663,60.761482,60.72807,60.695244,60.664413,60.634636,60.605244,60.576313,60.54873,60.522625,60.497993,0.04792604,0.048170507,0.048398912,0.0485996,0.048754558,0.04889366,0.049036115,0.049165174,0.049257144,0.04935792,0.04948604,0.049574986,0.05033508,0.050766706,0.050871044,0.05133514,0.051726624,0.05192122,0.05245462,0.052285567,0.052879304,0.05249992,0.052052557,0.051635146,0.05186622
855,2015-09-05 00:14:15,61.566494,80.0,0.047368318,61.514038,61.461754,61.408875,61.356373,61.30432,61.252686,61.20082,61.14955,61.09956,61.050823,61.003014,60.95694,60.913548,60.87313,60.833908,60.79663,60.761482,60.72807,60.695244,60.664413,60.634636,60.605244,60.576313,60.54873,60.522625,0.047674567,0.04792604,0.048170507,0.048398912,0.0485996,0.048754558,0.04889366,0.049036115,0.049165174,0.049257144,0.04935792,0.04948604,0.049574986,0.05033508,0.050766706,0.050871044,0.05133514,0.051726624,0.05192122,0.05245462,0.052285567,0.052879304,0.05249992,0.052052557,0.051635146
856,2015-09-05 00:14:16,61.618416,80.0,0.04703988,61.566494,61.514038,61.461754,61.408875,61.356373,61.30432,61.252686,61.20082,61.14955,61.09956,61.050823,61.003014,60.95694,60.913548,60.87313,60.833908,60.79663,60.761482,60.72807,60.695244,60.664413,60.634636,60.605244,60.576313,60.54873,0.047368318,0.047674567,0.04792604,0.048170507,0.048398912,0.0485996,0.048754558,0.04889366,0.049036115,0.049165174,0.049257144,0.04935792,0.04948604,0.049574986,0.05033508,0.050766706,0.050871044,0.05133514,0.051726624,0.05192122,0.05245462,0.052285567,0.052879304,0.05249992,0.052052557
857,2015-09-05 00:14:17,61.670143,80.0,0.04670337,61.618416,61.566494,61.514038,61.461754,61.408875,61.356373,61.30432,61.252686,61.20082,61.14955,61.09956,61.050823,61.003014,60.95694,60.913548,60.87313,60.833908,60.79663,60.761482,60.72807,60.695244,60.664413,60.634636,60.605244,60.576313,0.04703988,0.047368318,0.047674567,0.04792604,0.048170507,0.048398912,0.0485996,0.048754558,0.04889366,0.049036115,0.049165174,0.049257144,0.04935792,0.04948604,0.049574986,0.05033508,0.050766706,0.050871044,0.05133514,0.051726624,0.05192122,0.05245462,0.052285567,0.052879304,0.05249992
858,2015-09-05 00:14:18,61.721478,80.0,0.046369553,61.670143,61.618416,61.566494,61.514038,61.461754,61.408875,61.356373,61.30432,61.252686,61.20082,61.14955,61.09956,61.050823,61.003014,60.95694,60.913548,60.87313,60.833908,60.79663,60.761482,60.72807,60.695244,60.664413,60.634636,60.605244,0.04670337,0.04703988,0.047368318,0.047674567,0.04792604,0.048170507,0.048398912,0.0485996,0.048754558,0.04889366,0.049036115,0.049165174,0.049257144,0.04935792,0.04948604,0.049574986,0.05033508,0.050766706,0.050871044,0.05133514,0.051726624,0.05192122,0.05245462,0.052285567,0.052879304
859,2015-09-05 00:14:19,61.77235,80.0,0.04599236,61.721478,61.670143,61.618416,61.566494,61.514038,61.461754,61.408875,61.356373,61.30432,61.252686,61.20082,61.14955,61.09956,61.050823,61.003014,60.95694,60.913548,60.87313,60.833908,60.79663,60.761482,60.72807,60.695244,60.664413,60.634636,0.046369553,0.04670337,0.04703988,0.047368318,0.047674567,0.04792604,0.048170507,0.048398912,0.0485996,0.048754558,0.04889366,0.049036115,0.049165174,0.049257144,0.04935792,0.04948604,0.049574986,0.05033508,0.050766706,0.050871044,0.05133514,0.051726624,0.05192122,0.05245462,0.052285567
860,2015-09-05 00:14:20,61.823116,80.0,0.045593664,61.77235,61.721478,61.670143,61.618416,61.566494,61.514038,61.461754,61.408875,61.356373,61.30432,61.252686,61.20082,61.14955,61.09956,61.050823,61.003014,60.95694,60.913548,60.87313,60.833908,60.79663,60.761482,60.72807,60.695244,60.664413,0.04599236,0.046369553,0.04670337,0.04703988,0.047368318,0.047674567,0.04792604,0.048170507,0.048398912,0.0485996,0.048754558,0.04889366,0.049036115,0.049165174,0.049257144,0.04935792,0.04948604,0.049574986,0.05033508,0.050766706,0.050871044,0.05133514,0.051726624,0.05192122,0.05245462
861,2015-09-05 00:14:21,61.87345,80.0,0.04518284,61.823116,61.77235,61.721478,61.670143,61.618416,61.566494,61.514038,61.461754,61.408875,61.356373,61.30432,61.252686,61.20082,61.14955,61.09956,61.050823,61.003014,60.95694,60.913548,60.87313,60.833908,60.79663,60.761482,60.72807,60.695244,0.045593664,0.04599236,0.046369553,0.04670337,0.04703988,0.047368318,0.047674567,0.04792604,0.048170507,0.048398912,0.0485996,0.048754558,0.04889366,0.049036115,0.049165174,0.049257144,0.04935792,0.04948604,0.049574986,0.05033508,0.050766706,0.050871044,0.05133514,0.051726624,0.05192122
862,2015-09-05 00:14:22,61.923027,80.0,0.0447807,61.87345,61.823116,61.77235,61.721478,61.670143,61.618416,61.566494,61.514038,61.461754,61.408875,61.356373,61.30432,61.252686,61.20082,61.14955,61.09956,61.050823,61.003014,60.95694,60.913548,60.87313,60.833908,60.79663,60.761482,60.72807,0.04518284,0.045593664,0.04599236,0.046369553,0.04670337,0.04703988,0.047368318,0.047674567,0.04792604,0.048170507,0.048398912,0.0485996,0.048754558,0.04889366,0.049036115,0.049165174,0.049257144,0.04935792,0.04948604,0.049574986,0.05033508,0.050766706,0.050871044,0.05133514,0.051726624
863,2015-09-05 00:14:23,61.97251,80.0,0.04435432,61.923027,61.87345,61.823116,61.77235,61.721478,61.670143,61.618416,61.566494,61.514038,61.461754,61.408875,61.356373,61.30432,61.252686,61.20082,61.14955,61.09956,61.050823,61.003014,60.95694,60.913548,60.87313,60.833908,60.79663,60.761482,0.0447807,0.04518284,0.045593664,0.04599236,0.046369553,0.04670337,0.04703988,0.047368318,0.047674567,0.04792604,0.048170507,0.048398912,0.0485996,0.048754558,0.04889366,0.049036115,0.049165174,0.049257144,0.04935792,0.04948604,0.049574986,0.05033508,0.050766706,0.050871044,0.05133514
864,2015-09-05 00:14:24,62.02187,80.0,0.043917596,61.97251,61.923027,61.87345,61.823116,61.77235,61.721478,61.670143,61.618416,61.566494,61.514038,61.461754,61.408875,61.356373,61.30432,61.252686,61.20082,61.14955,61.09956,61.050823,61.003014,60.95694,60.913548,60.87313,60.833908,60.79663,0.04435432,0.0447807,0.04518284,0.045593664,0.04599236,0.046369553,0.04670337,0.04703988,0.047368318,0.047674567,0.04792604,0.048170507,0.048398912,0.0485996,0.048754558,0.04889366,0.049036115,0.049165174,0.049257144,0.04935792,0.04948604,0.049574986,0.05033508,0.050766706,0.050871044
865,2015-09-05 00:14:25,62.071125,80.0,0.043492407,62.02187,61.97251,61.923027,61.87345,61.823116,61.77235,61.721478,61.670143,61.618416,61.566494,61.514038,61.461754,61.408875,61.356373,61.30432,61.252686,61.20082,61.14955,61.09956,61.050823,61.003014,60.95694,60.913548,60.87313,60.833908,0.043917596,0.04435432,0.0447807,0.04518284,0.045593664,0.04599236,0.046369553,0.04670337,0.04703988,0.047368318,0.047674567,0.04792604,0.048170507,0.048398912,0.0485996,0.048754558,0.04889366,0.049036115,0.049165174,0.049257144,0.04935792,0.04948604,0.049574986,0.05033508,0.050766706
866,2015-09-05 00:14:26,62.12029,80.0,0.043079793,62.071125,62.02187,61.97251,61.923027,61.87345,61.823116,61.77235,61.721478,61.670143,61.618416,61.566494,61.514038,61.461754,61.408875,61.356373,61.30432,61.252686,61.20082,61.14955,61.09956,61.050823,61.003014,60.95694,60.913548,60.87313,0.043492407,0.043917596,0.04435432,0.0447807,0.04518284,0.045593664,0.04599236,0.046369553,0.04670337,0.04703988,0.047368318,0.047674567,0.04792604,0.048170507,0.048398912,0.0485996,0.048754558,0.04889366,0.049036115,0.049165174,0.049257144,0.04935792,0.04948604,0.049574986,0.05033508
867,2015-09-05 00:14:27,62.169327,80.0,0.042651355,62.12029,62.071125,62.02187,61.97251,61.923027,61.87345,61.823116,61.77235,61.721478,61.670143,61.618416,61.566494,61.514038,61.461754,61.408875,61.356373,61.30432,61.252686,61.20082,61.14955,61.09956,61.050823,61.003014,60.95694,60.913548,0.043079793,0.043492407,0.043917596,0.04435432,0.0447807,0.04518284,0.045593664,0.04599236,0.046369553,0.04670337,0.04703988,0.047368318,0.047674567,0.04792604,0.048170507,0.048398912,0.0485996,0.048754558,0.04889366,0.049036115,0.049165174,0.049257144,0.04935792,0.04948604,0.049574986
868,2015-09-05 00:14:28,62.21822,80.0,0.04223451,62.169327,62.12029,62.071125,62.02187,61.97251,61.923027,61.87345,61.823116,61.77235,61.721478,61.670143,61.618416,61.566494,61.514038,61.461754,61.408875,61.356373,61.30432,61.252686,61.20082,61.14955,61.09956,61.050823,61.003014,60.95694,0.042651355,0.043079793,0.043492407,0.043917596,0.04435432,0.0447807,0.04518284,0.045593664,0.04599236,0.046369553,0.04670337,0.04703988,0.047368318,0.047674567,0.04792604,0.048170507,0.048398912,0.0485996,0.048754558,0.04889366,0.049036115,0.049165174,0.049257144,0.04935792,0.04948604
869,2015-09-05 00:14:29,62.266975,80.0,0.04182878,62.21822,62.169327,62.12029,62.071125,62.02187,61.97251,61.923027,61.87345,61.823116,61.77235,61.721478,61.670143,61.618416,61.566494,61.514038,61.461754,61.408875,61.356373,61.30432,61.252686,61.20082,61.14955,61.09956,61.050823,61.003014,0.04223451,0.042651355,0.043079793,0.043492407,0.043917596,0.04435432,0.0447807,0.04518284,0.045593664,0.04599236,0.046369553,0.04670337,0.04703988,0.047368318,0.047674567,0.04792604,0.048170507,0.048398912,0.0485996,0.048754558,0.04889366,0.049036115,0.049165174,0.049257144,0.04935792
870,2015-09-05 00:14:30,62.315575,80.0,0.041436493,62.266975,62.21822,62.169327,62.12029,62.071125,62.02187,61.97251,61.923027,61.87345,61.823116,61.77235,61.721478,61.670143,61.618416,61.566494,61.514038,61.461754,61.408875,61.356373,61.30432,61.252686,61.20082,61.14955,61.09956,61.050823,0.04182878,0.04223451,0.042651355,0.043079793,0.043492407,0.043917596,0.04435432,0.0447807,0.04518284,0.045593664,0.04599236,0.046369553,0.04670337,0.04703988,0.047368318,0.047674567,0.04792604,0.048170507,0.048398912,0.0485996,0.048754558,0.04889366,0.049036115,0.049165174,0.049257144
871,2015-09-05 00:14:31,62.36397,80.0,0.041038096,62.315575,62.266975,62.21822,62.169327,62.12029,62.071125,62.02187,61.97251,61.923027,61.87345,61.823116,61.77235,61.721478,61.670143,61.618416,61.566494,61.514038,61.461754,61.408875,61.356373,61.30432,61.252686,61.20082,61.14955,61.09956,0.041436493,0.04182878,0.04223451,0.042651355,0.043079793,0.043492407,0.043917596,0.04435432,0.0447807,0.04518284,0.045593664,0.04599236,0.046369553,0.04670337,0.04703988,0.047368318,0.047674567,0.04792604,0.048170507,0.048398912,0.0485996,0.048754558,0.04889366,0.049036115,0.049165174
872,2015-09-05 00:14:32,62.412144,80.0,0.04064761,62.36397,62.315575,62.266975,62.21822,62.169327,62.12029,62.071125,62.02187,61.97251,61.923027,61.87345,61.823116,61.77235,61.721478,61.670143,61.618416,61.566494,61.514038,61.461754,61.408875,61.356373,61.30432,61.252686,61.20082,61.14955,0.041038096,0.041436493,0.04182878,0.04223451,0.042651355,0.043079793,0.043492407,0.043917596,0.04435432,0.0447807,0.04518284,0.045593664,0.04599236,0.046369553,0.04670337,0.04703988,0.047368318,0.047674567,0.04792604,0.048170507,0.048398912,0.0485996,0.048754558,0.04889366,0.049036115
873,2015-09-05 00:14:33,62.46007,80.0,0.040263116,62.412144,62.36397,62.315575,62.266975,62.21822,62.169327,62.12029,62.071125,62.02187,61.97251,61.923027,61.87345,61.823116,61.77235,61.721478,61.670143,61.618416,61.566494,61.514038,61.461754,61.408875,61.356373,61.30432,61.252686,61.20082,0.04064761,0.041038096,0.041436493,0.04182878,0.04223451,0.042651355,0.043079793,0.043492407,0.043917596,0.04435432,0.0447807,0.04518284,0.045593664,0.04599236,0.046369553,0.04670337,0.04703988,0.047368318,0.047674567,0.04792604,0.048170507,0.048398912,0.0485996,0.048754558,0.04889366
874,2015-09-05 00:14:34,62.507748,80.0,0.0398892,62.46007,62.412144,62.36397,62.315575,62.266975,62.21822,62.169327,62.12029,62.071125,62.02187,61.97251,61.923027,61.87345,61.823116,61.77235,61.721478,61.670143,61.618416,61.566494,61.514038,61.461754,61.408875,61.356373,61.30432,61.252686,0.040263116,0.04064761,0.041038096,0.041436493,0.04182878,0.04223451,0.042651355,0.043079793,0.043492407,0.043917596,0.04435432,0.0447807,0.04518284,0.045593664,0.04599236,0.046369553,0.04670337,0.04703988,0.047368318,0.047674567,0.04792604,0.048170507,0.048398912,0.0485996,0.048754558
875,2015-09-05 00:14:35,62.555115,80.0,0.039510995,62.507748,62.46007,62.412144,62.36397,62.315575,62.266975,62.21822,62.169327,62.12029,62.071125,62.02187,61.97251,61.923027,61.87345,61.823116,61.77235,61.721478,61.670143,61.618416,61.566494,61.514038,61.461754,61.408875,61.356373,61.30432,0.0398892,0.040263116,0.04064761,0.041038096,0.041436493,0.04182878,0.04223451,0.042651355,0.043079793,0.043492407,0.043917596,0.04435432,0.0447807,0.04518284,0.045593664,0.04599236,0.046369553,0.04670337,0.04703988,0.047368318,0.047674567,0.04792604,0.048170507,0.048398912,0.0485996
876,2015-09-05 00:14:36,62.602154,80.0,0.03913176,62.555115,62.507748,62.46007,62.412144,62.36397,62.315575,62.266975,62.21822,62.169327,62.12029,62.071125,62.02187,61.97251,61.923027,61.87345,61.823116,61.77235,61.721478,61.670143,61.618416,61.566494,61.514038,61.461754,61.408875,61.356373,0.039510995,0.0398892,0.040263116,0.04064761,0.041038096,0.041436493,0.04182878,0.04223451,0.042651355,0.043079793,0.043492407,0.043917596,0.04435432,0.0447807,0.04518284,0.045593664,0.04599236,0.046369553,0.04670337,0.04703988,0.047368318,0.047674567,0.04792604,0.048170507,0.048398912
877,2015-09-05 00:14:37,62.648857,80.0,0.0387581,62.602154,62.555115,62.507748,62.46007,62.412144,62.36397,62.315575,62.266975,62.21822,62.169327,62.12029,62.071125,62.02187,61.97251,61.923027,61.87345,61.823116,61.77235,61.721478,61.670143,61.618416,61.566494,61.514038,61.461754,61.408875,0.03913176,0.039510995,0.0398892,0.040263116,0.04064761,0.041038096,0.041436493,0.04182878,0.04223451,0.042651355,0.043079793,0.043492407,0.043917596,0.04435432,0.0447807,0.04518284,0.045593664,0.04599236,0.046369553,0.04670337,0.04703988,0.047368318,0.047674567,0.04792604,0.048170507
878,2015-09-05 00:14:38,62.69523,80.0,0.03838791,62.648857,62.602154,62.555115,62.507748,62.46007,62.412144,62.36397,62.315575,62.266975,62.21822,62.169327,62.12029,62.071125,62.02187,61.97251,61.923027,61.87345,61.823116,61.77235,61.721478,61.670143,61.618416,61.566494,61.514038,61.461754,0.0387581,0.03913176,0.039510995,0.0398892,0.040263116,0.04064761,0.041038096,0.041436493,0.04182878,0.04223451,0.042651355,0.043079793,0.043492407,0.043917596,0.04435432,0.0447807,0.04518284,0.045593664,0.04599236,0.046369553,0.04670337,0.04703988,0.047368318,0.047674567,0.04792604
879,2015-09-05 00:14:39,62.741222,80.0,0.038014606,62.69523,62.648857,62.602154,62.555115,62.507748,62.46007,62.412144,62.36397,62.315575,62.266975,62.21822,62.169327,62.12029,62.071125,62.02187,61.97251,61.923027,61.87345,61.823116,61.77235,61.721478,61.670143,61.618416,61.566494,61.514038,0.03838791,0.0387581,0.03913176,0.039510995,0.0398892,0.040263116,0.04064761,0.041038096,0.041436493,0.04182878,0.04223451,0.042651355,0.043079793,0.043492407,0.043917596,0.04435432,0.0447807,0.04518284,0.045593664,0.04599236,0.046369553,0.04670337,0.04703988,0.047368318,0.047674567
880,2015-09-05 00:14:40,62.786816,80.0,0.037645593,62.741222,62.69523,62.648857,62.602154,62.555115,62.507748,62.46007,62.412144,62.36397,62.315575,62.266975,62.21822,62.169327,62.12029,62.071125,62.02187,61.97251,61.923027,61.87345,61.823116,61.77235,61.721478,61.670143,61.618416,61.566494,0.038014606,0.03838791,0.0387581,0.03913176,0.039510995,0.0398892,0.040263116,0.04064761,0.041038096,0.041436493,0.04182878,0.04223451,0.042651355,0.043079793,0.043492407,0.043917596,0.04435432,0.0447807,0.04518284,0.045593664,0.04599236,0.046369553,0.04670337,0.04703988,0.047368318
881,2015-09-05 00:14:41,62.831997,80.0,0.037272707,62.786816,62.741222,62.69523,62.648857,62.602154,62.555115,62.507748,62.46007,62.412144,62.36397,62.315575,62.266975,62.21822,62.169327,62.12029,62.071125,62.02187,61.97251,61.923027,61.87345,61.823116,61.77235,61.721478,61.670143,61.618416,0.037645593,0.038014606,0.03838791,0.0387581,0.03913176,0.039510995,0.0398892,0.040263116,0.04064761,0.041038096,0.041436493,0.04182878,0.04223451,0.042651355,0.043079793,0.043492407,0.043917596,0.04435432,0.0447807,0.04518284,0.045593664,0.04599236,0.046369553,0.04670337,0.04703988
882,2015-09-05 00:14:42,62.876778,80.0,0.036901653,62.831997,62.786816,62.741222,62.69523,62.648857,62.602154,62.555115,62.507748,62.46007,62.412144,62.36397,62.315575,62.266975,62.21822,62.169327,62.12029,62.071125,62.02187,61.97251,61.923027,61.87345,61.823116,61.77235,61.721478,61.670143,0.037272707,0.037645593,0.038014606,0.03838791,0.0387581,0.03913176,0.039510995,0.0398892,0.040263116,0.04064761,0.041038096,0.041436493,0.04182878,0.04223451,0.042651355,0.043079793,0.043492407,0.043917596,0.04435432,0.0447807,0.04518284,0.045593664,0.04599236,0.046369553,0.04670337
883,2015-09-05 00:14:43,62.92113,80.0,0.036530644,62.876778,62.831997,62.786816,62.741222,62.69523,62.648857,62.602154,62.555115,62.507748,62.46007,62.412144,62.36397,62.315575,62.266975,62.21822,62.169327,62.12029,62.071125,62.02187,61.97251,61.923027,61.87345,61.823116,61.77235,61.721478,0.036901653,0.037272707,0.037645593,0.038014606,0.03838791,0.0387581,0.03913176,0.039510995,0.0398892,0.040263116,0.04064761,0.041038096,0.041436493,0.04182878,0.04223451,0.042651355,0.043079793,0.043492407,0.043917596,0.04435432,0.0447807,0.04518284,0.045593664,0.04599236,0.046369553
884,2015-09-05 00:14:44,62.96505,80.0,0.036157757,62.92113,62.876778,62.831997,62.786816,62.741222,62.69523,62.648857,62.602154,62.555115,62.507748,62.46007,62.412144,62.36397,62.315575,62.266975,62.21822,62.169327,62.12029,62.071125,62.02187,61.97251,61.923027,61.87345,61.823116,61.77235,0.036530644,0.036901653,0.037272707,0.037645593,0.038014606,0.03838791,0.0387581,0.03913176,0.039510995,0.0398892,0.040263116,0.04064761,0.041038096,0.041436493,0.04182878,0.04223451,0.042651355,0.043079793,0.043492407,0.043917596,0.04435432,0.0447807,0.04518284,0.045593664,0.04599236
885,2015-09-05 00:14:45,63.00854,80.0,0.035787567,62.96505,62.92113,62.876778,62.831997,62.786816,62.741222,62.69523,62.648857,62.602154,62.555115,62.507748,62.46007,62.412144,62.36397,62.315575,62.266975,62.21822,62.169327,62.12029,62.071125,62.02187,61.97251,61.923027,61.87345,61.823116,0.036157757,0.036530644,0.036901653,0.037272707,0.037645593,0.038014606,0.03838791,0.0387581,0.03913176,0.039510995,0.0398892,0.040263116,0.04064761,0.041038096,0.041436493,0.04182878,0.04223451,0.042651355,0.043079793,0.043492407,0.043917596,0.04435432,0.0447807,0.04518284,0.045593664
886,2015-09-05 00:14:46,63.05162,80.0,0.035417914,63.00854,62.96505,62.92113,62.876778,62.831997,62.786816,62.741222,62.69523,62.648857,62.602154,62.555115,62.507748,62.46007,62.412144,62.36397,62.315575,62.266975,62.21822,62.169327,62.12029,62.071125,62.02187,61.97251,61.923027,61.87345,0.035787567,0.036157757,0.036530644,0.036901653,0.037272707,0.037645593,0.038014606,0.03838791,0.0387581,0.03913176,0.039510995,0.0398892,0.040263116,0.04064761,0.041038096,0.041436493,0.04182878,0.04223451,0.042651355,0.043079793,0.043492407,0.043917596,0.04435432,0.0447807,0.04518284
887,2015-09-05 00:14:47,63.094273,80.0,0.03504789,63.05162,63.00854,62.96505,62.92113,62.876778,62.831997,62.786816,62.741222,62.69523,62.648857,62.602154,62.555115,62.507748,62.46007,62.412144,62.36397,62.315575,62.266975,62.21822,62.169327,62.12029,62.071125,62.02187,61.97251,61.923027,0.035417914,0.035787567,0.036157757,0.036530644,0.036901653,0.037272707,0.037645593,0.038014606,0.03838791,0.0387581,0.03913176,0.039510995,0.0398892,0.040263116,0.04064761,0.041038096,0.041436493,0.04182878,0.04223451,0.042651355,0.043079793,0.043492407,0.043917596,0.04435432,0.0447807
888,2015-09-05 00:14:48,63.13651,80.0,0.03467965,63.094273,63.05162,63.00854,62.96505,62.92113,62.876778,62.831997,62.786816,62.741222,62.69523,62.648857,62.602154,62.555115,62.507748,62.46007,62.412144,62.36397,62.315575,62.266975,62.21822,62.169327,62.12029,62.071125,62.02187,61.97251,0.03504789,0.035417914,0.035787567,0.036157757,0.036530644,0.036901653,0.037272707,0.037645593,0.038014606,0.03838791,0.0387581,0.03913176,0.039510995,0.0398892,0.040263116,0.04064761,0.041038096,0.041436493,0.04182878,0.04223451,0.042651355,0.043079793,0.043492407,0.043917596,0.04435432
889,2015-09-05 00:14:49,63.178337,80.0,0.034313485,63.13651,63.094273,63.05162,63.00854,62.96505,62.92113,62.876778,62.831997,62.786816,62.741222,62.69523,62.648857,62.602154,62.555115,62.507748,62.46007,62.412144,62.36397,62.315575,62.266975,62.21822,62.169327,62.12029,62.071125,62.02187,0.03467965,0.03504789,0.035417914,0.035787567,0.036157757,0.036530644,0.036901653,0.037272707,0.037645593,0.038014606,0.03838791,0.0387581,0.03913176,0.039510995,0.0398892,0.040263116,0.04064761,0.041038096,0.041436493,0.04182878,0.04223451,0.042651355,0.043079793,0.043492407,0.043917596
890,2015-09-05 00:14:50,63.219772,80.0,0.03394924,63.178337,63.13651,63.094273,63.05162,63.00854,62.96505,62.92113,62.876778,62.831997,62.786816,62.741222,62.69523,62.648857,62.602154,62.555115,62.507748,62.46007,62.412144,62.36397,62.315575,62.266975,62.21822,62.169327,62.12029,62.071125,0.034313485,0.03467965,0.03504789,0.035417914,0.035787567,0.036157757,0.036530644,0.036901653,0.037272707,0.037645593,0.038014606,0.03838791,0.0387581,0.03913176,0.039510995,0.0398892,0.040263116,0.04064761,0.041038096,0.041436493,0.04182878,0.04223451,0.042651355,0.043079793,0.043492407
891,2015-09-05 00:14:51,63.26081,80.0,0.03358783,63.219772,63.178337,63.13651,63.094273,63.05162,63.00854,62.96505,62.92113,62.876778,62.831997,62.786816,62.741222,62.69523,62.648857,62.602154,62.555115,62.507748,62.46007,62.412144,62.36397,62.315575,62.266975,62.21822,62.169327,62.12029,0.03394924,0.034313485,0.03467965,0.03504789,0.035417914,0.035787567,0.036157757,0.036530644,0.036901653,0.037272707,0.037645593,0.038014606,0.03838791,0.0387581,0.03913176,0.039510995,0.0398892,0.040263116,0.04064761,0.041038096,0.041436493,0.04182878,0.04223451,0.042651355,0.043079793
892,2015-09-05 00:14:52,63.30146,80.0,0.033228874,63.26081,63.219772,63.178337,63.13651,63.094273,63.05162,63.00854,62.96505,62.92113,62.876778,62.831997,62.786816,62.741222,62.69523,62.648857,62.602154,62.555115,62.507748,62.46007,62.412144,62.36397,62.315575,62.266975,62.21822,62.169327,0.03358783,0.03394924,0.034313485,0.03467965,0.03504789,0.035417914,0.035787567,0.036157757,0.036530644,0.036901653,0.037272707,0.037645593,0.038014606,0.03838791,0.0387581,0.03913176,0.039510995,0.0398892,0.040263116,0.04064761,0.041038096,0.041436493,0.04182878,0.04223451,0.042651355
893,2015-09-05 00:14:53,63.341724,80.0,0.032872632,63.30146,63.26081,63.219772,63.178337,63.13651,63.094273,63.05162,63.00854,62.96505,62.92113,62.876778,62.831997,62.786816,62.741222,62.69523,62.648857,62.602154,62.555115,62.507748,62.46007,62.412144,62.36397,62.315575,62.266975,62.21822,0.033228874,0.03358783,0.03394924,0.034313485,0.03467965,0.03504789,0.035417914,0.035787567,0.036157757,0.036530644,0.036901653,0.037272707,0.037645593,0.038014606,0.03838791,0.0387581,0.03913176,0.039510995,0.0398892,0.040263116,0.04064761,0.041038096,0.041436493,0.04182878,0.04223451
894,2015-09-05 00:14:54,63.381615,80.0,0.0325201,63.341724,63.30146,63.26081,63.219772,63.178337,63.13651,63.094273,63.05162,63.00854,62.96505,62.92113,62.876778,62.831997,62.786816,62.741222,62.69523,62.648857,62.602154,62.555115,62.507748,62.46007,62.412144,62.36397,62.315575,62.266975,0.032872632,0.033228874,0.03358783,0.03394924,0.034313485,0.03467965,0.03504789,0.035417914,0.035787567,0.036157757,0.036530644,0.036901653,0.037272707,0.037645593,0.038014606,0.03838791,0.0387581,0.03913176,0.039510995,0.0398892,0.040263116,0.04064761,0.041038096,0.041436493,0.04182878
895,2015-09-05 00:14:55,63.421127,80.0,0.03217174,63.381615,63.341724,63.30146,63.26081,63.219772,63.178337,63.13651,63.094273,63.05162,63.00854,62.96505,62.92113,62.876778,62.831997,62.786816,62.741222,62.69523,62.648857,62.602154,62.555115,62.507748,62.46007,62.412144,62.36397,62.315575,0.0325201,0.032872632,0.033228874,0.03358783,0.03394924,0.034313485,0.03467965,0.03504789,0.035417914,0.035787567,0.036157757,0.036530644,0.036901653,0.037272707,0.037645593,0.038014606,0.03838791,0.0387581,0.03913176,0.039510995,0.0398892,0.040263116,0.04064761,0.041038096,0.041436493
896,2015-09-05 00:14:56,63.46026,80.0,0.031827174,63.421127,63.381615,63.341724,63.30146,63.26081,63.219772,63.178337,63.13651,63.094273,63.05162,63.00854,62.96505,62.92113,62.876778,62.831997,62.786816,62.741222,62.69523,62.648857,62.602154,62.555115,62.507748,62.46007,62.412144,62.36397,0.03217174,0.0325201,0.032872632,0.033228874,0.03358783,0.03394924,0.034313485,0.03467965,0.03504789,0.035417914,0.035787567,0.036157757,0.036530644,0.036901653,0.037272707,0.037645593,0.038014606,0.03838791,0.0387581,0.03913176,0.039510995,0.0398892,0.040263116,0.04064761,0.041038096
897,2015-09-05 00:14:57,63.499016,80.0,0.031485915,63.46026,63.421127,63.381615,63.341724,63.30146,63.26081,63.219772,63.178337,63.13651,63.094273,63.05162,63.00854,62.96505,62.92113,62.876778,62.831997,62.786816,62.741222,62.69523,62.648857,62.602154,62.555115,62.507748,62.46007,62.412144,0.031827174,0.03217174,0.0325201,0.032872632,0.033228874,0.03358783,0.03394924,0.034313485,0.03467965,0.03504789,0.035417914,0.035787567,0.036157757,0.036530644,0.036901653,0.037272707,0.037645593,0.038014606,0.03838791,0.0387581,0.03913176,0.039510995,0.0398892,0.040263116,0.04064761
898,2015-09-05 00:14:58,63.537403,80.0,0.031147987,63.499016,63.46026,63.421127,63.381615,63.341724,63.30146,63.26081,63.219772,63.178337,63.13651,63.094273,63.05162,63.00854,62.96505,62.92113,62.876778,62.831997,62.786816,62.741222,62.69523,62.648857,62.602154,62.555115,62.507748,62.46007,0.031485915,0.031827174,0.03217174,0.0325201,0.032872632,0.033228874,0.03358783,0.03394924,0.034313485,0.03467965,0.03504789,0.035417914,0.035787567,0.036157757,0.036530644,0.036901653,0.037272707,0.037645593,0.038014606,0.03838791,0.0387581,0.03913176,0.039510995,0.0398892,0.040263116
899,2015-09-05 00:14:59,63.575417,80.0,0.030814268,63.537403,63.499016,63.46026,63.421127,63.381615,63.341724,63.30146,63.26081,63.219772,63.178337,63.13651,63.094273,63.05162,63.00854,62.96505,62.92113,62.876778,62.831997,62.786816,62.741222,62.69523,62.648857,62.602154,62.555115,62.507748,0.031147987,0.031485915,0.031827174,0.03217174,0.0325201,0.032872632,0.033228874,0.03358783,0.03394924,0.034313485,0.03467965,0.03504789,0.035417914,0.035787567,0.036157757,0.036530644,0.036901653,0.037272707,0.037645593,0.038014606,0.03838791,0.0387581,0.03913176,0.039510995,0.0398892
900,2015-09-05 00:15:00,63.613064,80.0,0.030484185,63.575417,63.537403,63.499016,63.46026,63.421127,63.381615,63.341724,63.30146,63.26081,63.219772,63.178337,63.13651,63.094273,63.05162,63.00854,62.96505,62.92113,62.876778,62.831997,62.786816,62.741222,62.69523,62.648857,62.602154,62.555115,0.030814268,0.031147987,0.031485915,0.031827174,0.03217174,0.0325201,0.032872632,0.033228874,0.03358783,0.03394924,0.034313485,0.03467965,0.03504789,0.035417914,0.035787567,0.036157757,0.036530644,0.036901653,0.037272707,0.037645593,0.038014606,0.03838791,0.0387581,0.03913176,0.039510995
901,2015-09-05 00:15:01,63.650337,80.0,0.030157313,63.613064,63.575417,63.537403,63.499016,63.46026,63.421127,63.381615,63.341724,63.30146,63.26081,63.219772,63.178337,63.13651,63.094273,63.05162,63.00854,62.96505,62.92113,62.876778,62.831997,62.786816,62.741222,62.69523,62.648857,62.602154,0.030484185,0.030814268,0.031147987,0.031485915,0.031827174,0.03217174,0.0325201,0.032872632,0.033228874,0.03358783,0.03394924,0.034313485,0.03467965,0.03504789,0.035417914,0.035787567,0.036157757,0.036530644,0.036901653,0.037272707,0.037645593,0.038014606,0.03838791,0.0387581,0.03913176
902,2015-09-05 00:15:02,63.68724,80.0,0.029833257,63.650337,63.613064,63.575417,63.537403,63.499016,63.46026,63.421127,63.381615,63.341724,63.30146,63.26081,63.219772,63.178337,63.13651,63.094273,63.05162,63.00854,62.96505,62.92113,62.876778,62.831997,62.786816,62.741222,62.69523,62.648857,0.030157313,0.030484185,0.030814268,0.031147987,0.031485915,0.031827174,0.03217174,0.0325201,0.032872632,0.033228874,0.03358783,0.03394924,0.034313485,0.03467965,0.03504789,0.035417914,0.035787567,0.036157757,0.036530644,0.036901653,0.037272707,0.037645593,0.038014606,0.03838791,0.0387581
903,2015-09-05 00:15:03,63.72377,80.0,0.029512778,63.68724,63.650337,63.613064,63.575417,63.537403,63.499016,63.46026,63.421127,63.381615,63.341724,63.30146,63.26081,63.219772,63.178337,63.13651,63.094273,63.05162,63.00854,62.96505,62.92113,62.876778,62.831997,62.786816,62.741222,62.69523,0.029833257,0.030157313,0.030484185,0.030814268,0.031147987,0.031485915,0.031827174,0.03217174,0.0325201,0.032872632,0.033228874,0.03358783,0.03394924,0.034313485,0.03467965,0.03504789,0.035417914,0.035787567,0.036157757,0.036530644,0.036901653,0.037272707,0.037645593,0.038014606,0.03838791
904,2015-09-05 00:15:04,63.75993,80.0,0.029195659,63.72377,63.68724,63.650337,63.613064,63.575417,63.537403,63.499016,63.46026,63.421127,63.381615,63.341724,63.30146,63.26081,63.219772,63.178337,63.13651,63.094273,63.05162,63.00854,62.96505,62.92113,62.876778,62.831997,62.786816,62.741222,0.029512778,0.029833257,0.030157313,0.030484185,0.030814268,0.031147987,0.031485915,0.031827174,0.03217174,0.0325201,0.032872632,0.033228874,0.03358783,0.03394924,0.034313485,0.03467965,0.03504789,0.035417914,0.035787567,0.036157757,0.036530644,0.036901653,0.037272707,0.037645593,0.038014606
905,2015-09-05 00:15:05,63.795715,80.0,0.028881378,63.75993,63.72377,63.68724,63.650337,63.613064,63.575417,63.537403,63.499016,63.46026,63.421127,63.381615,63.341724,63.30146,63.26081,63.219772,63.178337,63.13651,63.094273,63.05162,63.00854,62.96505,62.92113,62.876778,62.831997,62.786816,0.029195659,0.029512778,0.029833257,0.030157313,0.030484185,0.030814268,0.031147987,0.031485915,0.031827174,0.03217174,0.0325201,0.032872632,0.033228874,0.03358783,0.03394924,0.034313485,0.03467965,0.03504789,0.035417914,0.035787567,0.036157757,0.036530644,0.036901653,0.037272707,0.037645593
906,2015-09-05 00:15:06,63.831135,80.0,0.028569706,63.795715,63.75993,63.72377,63.68724,63.650337,63.613064,63.575417,63.537403,63.499016,63.46026,63.421127,63.381615,63.341724,63.30146,63.26081,63.219772,63.178337,63.13651,63.094273,63.05162,63.00854,62.96505,62.92113,62.876778,62.831997,0.028881378,0.029195659,0.029512778,0.029833257,0.030157313,0.030484185,0.030814268,0.031147987,0.031485915,0.031827174,0.03217174,0.0325201,0.032872632,0.033228874,0.03358783,0.03394924,0.034313485,0.03467965,0.03504789,0.035417914,0.035787567,0.036157757,0.036530644,0.036901653,0.037272707
907,2015-09-05 00:15:07,63.866184,80.0,0.028261118,63.831135,63.795715,63.75993,63.72377,63.68724,63.650337,63.613064,63.575417,63.537403,63.499016,63.46026,63.421127,63.381615,63.341724,63.30146,63.26081,63.219772,63.178337,63.13651,63.094273,63.05162,63.00854,62.96505,62.92113,62.876778,0.028569706,0.028881378,0.029195659,0.029512778,0.029833257,0.030157313,0.030484185,0.030814268,0.031147987,0.031485915,0.031827174,0.03217174,0.0325201,0.032872632,0.033228874,0.03358783,0.03394924,0.034313485,0.03467965,0.03504789,0.035417914,0.035787567,0.036157757,0.036530644,0.036901653
908,2015-09-05 00:15:08,63.900864,80.0,0.027955487,63.866184,63.831135,63.795715,63.75993,63.72377,63.68724,63.650337,63.613064,63.575417,63.537403,63.499016,63.46026,63.421127,63.381615,63.341724,63.30146,63.26081,63.219772,63.178337,63.13651,63.094273,63.05162,63.00854,62.96505,62.92113,0.028261118,0.028569706,0.028881378,0.029195659,0.029512778,0.029833257,0.030157313,0.030484185,0.030814268,0.031147987,0.031485915,0.031827174,0.03217174,0.0325201,0.032872632,0.033228874,0.03358783,0.03394924,0.034313485,0.03467965,0.03504789,0.035417914,0.035787567,0.036157757,0.036530644
909,2015-09-05 00:15:09,63.935177,80.0,0.027652338,63.900864,63.866184,63.831135,63.795715,63.75993,63.72377,63.68724,63.650337,63.613064,63.575417,63.537403,63.499016,63.46026,63.421127,63.381615,63.341724,63.30146,63.26081,63.219772,63.178337,63.13651,63.094273,63.05162,63.00854,62.96505,0.027955487,0.028261118,0.028569706,0.028881378,0.029195659,0.029512778,0.029833257,0.030157313,0.030484185,0.030814268,0.031147987,0.031485915,0.031827174,0.03217174,0.0325201,0.032872632,0.033228874,0.03358783,0.03394924,0.034313485,0.03467965,0.03504789,0.035417914,0.035787567,0.036157757
910,2015-09-05 00:15:10,63.969128,80.0,0.02735193,63.935177,63.900864,63.866184,63.831135,63.795715,63.75993,63.72377,63.68724,63.650337,63.613064,63.575417,63.537403,63.499016,63.46026,63.421127,63.381615,63.341724,63.30146,63.26081,63.219772,63.178337,63.13651,63.094273,63.05162,63.00854,0.027652338,0.027955487,0.028261118,0.028569706,0.028881378,0.029195659,0.029512778,0.029833257,0.030157313,0.030484185,0.030814268,0.031147987,0.031485915,0.031827174,0.03217174,0.0325201,0.032872632,0.033228874,0.03358783,0.03394924,0.034313485,0.03467965,0.03504789,0.035417914,0.035787567
911,2015-09-05 00:15:11,64.002716,80.0,0.027054265,63.969128,63.935177,63.900864,63.866184,63.831135,63.795715,63.75993,63.72377,63.68724,63.650337,63.613064,63.575417,63.537403,63.499016,63.46026,63.421127,63.381615,63.341724,63.30146,63.26081,63.219772,63.178337,63.13651,63.094273,63.05162,0.02735193,0.027652338,0.027955487,0.028261118,0.028569706,0.028881378,0.029195659,0.029512778,0.029833257,0.030157313,0.030484185,0.030814268,0.031147987,0.031485915,0.031827174,0.03217174,0.0325201,0.032872632,0.033228874,0.03358783,0.03394924,0.034313485,0.03467965,0.03504789,0.035417914
912,2015-09-05 00:15:12,64.03594,80.0,0.026759379,64.002716,63.969128,63.935177,63.900864,63.866184,63.831135,63.795715,63.75993,63.72377,63.68724,63.650337,63.613064,63.575417,63.537403,63.499016,63.46026,63.421127,63.381615,63.341724,63.30146,63.26081,63.219772,63.178337,63.13651,63.094273,0.027054265,0.02735193,0.027652338,0.027955487,0.028261118,0.028569706,0.028881378,0.029195659,0.029512778,0.029833257,0.030157313,0.030484185,0.030814268,0.031147987,0.031485915,0.031827174,0.03217174,0.0325201,0.032872632,0.033228874,0.03358783,0.03394924,0.034313485,0.03467965,0.03504789
913,2015-09-05 00:15:13,64.06882,80.0,0.026467413,64.03594,64.002716,63.969128,63.935177,63.900864,63.866184,63.831135,63.795715,63.75993,63.72377,63.68724,63.650337,63.613064,63.575417,63.537403,63.499016,63.46026,63.421127,63.381615,63.341724,63.30146,63.26081,63.219772,63.178337,63.13651,0.026759379,0.027054265,0.02735193,0.027652338,0.027955487,0.028261118,0.028569706,0.028881378,0.029195659,0.029512778,0.029833257,0.030157313,0.030484185,0.030814268,0.031147987,0.031485915,0.031827174,0.03217174,0.0325201,0.032872632,0.033228874,0.03358783,0.03394924,0.034313485,0.03467965
914,2015-09-05 00:15:14,64.10133,80.0,0.026178002,64.06882,64.03594,64.002716,63.969128,63.935177,63.900864,63.866184,63.831135,63.795715,63.75993,63.72377,63.68724,63.650337,63.613064,63.575417,63.537403,63.499016,63.46026,63.421127,63.381615,63.341724,63.30146,63.26081,63.219772,63.178337,0.026467413,0.026759379,0.027054265,0.02735193,0.027652338,0.027955487,0.028261118,0.028569706,0.028881378,0.029195659,0.029512778,0.029833257,0.030157313,0.030484185,0.030814268,0.031147987,0.031485915,0.031827174,0.03217174,0.0325201,0.032872632,0.033228874,0.03358783,0.03394924,0.034313485
915,2015-09-05 00:15:15,64.13351,80.0,0.025891304,64.10133,64.06882,64.03594,64.002716,63.969128,63.935177,63.900864,63.866184,63.831135,63.795715,63.75993,63.72377,63.68724,63.650337,63.613064,63.575417,63.537403,63.499016,63.46026,63.421127,63.381615,63.341724,63.30146,63.26081,63.219772,0.026178002,0.026467413,0.026759379,0.027054265,0.02735193,0.027652338,0.027955487,0.028261118,0.028569706,0.028881378,0.029195659,0.029512778,0.029833257,0.030157313,0.030484185,0.030814268,0.031147987,0.031485915,0.031827174,0.03217174,0.0325201,0.032872632,0.033228874,0.03358783,0.03394924
916,2015-09-05 00:15:16,64.16534,80.0,0.025607765,64.13351,64.10133,64.06882,64.03594,64.002716,63.969128,63.935177,63.900864,63.866184,63.831135,63.795715,63.75993,63.72377,63.68724,63.650337,63.613064,63.575417,63.537403,63.499016,63.46026,63.421127,63.381615,63.341724,63.30146,63.26081,0.025891304,0.026178002,0.026467413,0.026759379,0.027054265,0.02735193,0.027652338,0.027955487,0.028261118,0.028569706,0.028881378,0.029195659,0.029512778,0.029833257,0.030157313,0.030484185,0.030814268,0.031147987,0.031485915,0.031827174,0.03217174,0.0325201,0.032872632,0.033228874,0.03358783
917,2015-09-05 00:15:17,64.19682,80.0,0.025326766,64.16534,64.13351,64.10133,64.06882,64.03594,64.002716,63.969128,63.935177,63.900864,63.866184,63.831135,63.795715,63.75993,63.72377,63.68724,63.650337,63.613064,63.575417,63.537403,63.499016,63.46026,63.421127,63.381615,63.341724,63.30146,0.025607765,0.025891304,0.026178002,0.026467413,0.026759379,0.027054265,0.02735193,0.027652338,0.027955487,0.028261118,0.028569706,0.028881378,0.029195659,0.029512778,0.029833257,0.030157313,0.030484185,0.030814268,0.031147987,0.031485915,0.031827174,0.03217174,0.0325201,0.032872632,0.033228874
918,2015-09-05 00:15:18,64.227974,80.0,0.025048703,64.19682,64.16534,64.13351,64.10133,64.06882,64.03594,64.002716,63.969128,63.935177,63.900864,63.866184,63.831135,63.795715,63.75993,63.72377,63.68724,63.650337,63.613064,63.575417,63.537403,63.499016,63.46026,63.421127,63.381615,63.341724,0.025326766,0.025607765,0.025891304,0.026178002,0.026467413,0.026759379,0.027054265,0.02735193,0.027652338,0.027955487,0.028261118,0.028569706,0.028881378,0.029195659,0.029512778,0.029833257,0.030157313,0.030484185,0.030814268,0.031147987,0.031485915,0.031827174,0.03217174,0.0325201,0.032872632
919,2015-09-05 00:15:19,64.25879,80.0,0.024773695,64.227974,64.19682,64.16534,64.13351,64.10133,64.06882,64.03594,64.002716,63.969128,63.935177,63.900864,63.866184,63.831135,63.795715,63.75993,63.72377,63.68724,63.650337,63.613064,63.575417,63.537403,63.499016,63.46026,63.421127,63.381615,0.025048703,0.025326766,0.025607765,0.025891304,0.026178002,0.026467413,0.026759379,0.027054265,0.02735193,0.027652338,0.027955487,0.028261118,0.028569706,0.028881378,0.029195659,0.029512778,0.029833257,0.030157313,0.030484185,0.030814268,0.031147987,0.031485915,0.031827174,0.03217174,0.0325201
920,2015-09-05 00:15:20,64.289276,80.0,0.024501473,64.25879,64.227974,64.19682,64.16534,64.13351,64.10133,64.06882,64.03594,64.002716,63.969128,63.935177,63.900864,63.866184,63.831135,63.795715,63.75993,63.72377,63.68724,63.650337,63.613064,63.575417,63.537403,63.499016,63.46026,63.421127,0.024773695,0.025048703,0.025326766,0.025607765,0.025891304,0.026178002,0.026467413,0.026759379,0.027054265,0.02735193,0.027652338,0.027955487,0.028261118,0.028569706,0.028881378,0.029195659,0.029512778,0.029833257,0.030157313,0.030484185,0.030814268,0.031147987,0.031485915,0.031827174,0.03217174
921,2015-09-05 00:15:21,64.319435,80.0,0.024232104,64.289276,64.25879,64.227974,64.19682,64.16534,64.13351,64.10133,64.06882,64.03594,64.002716,63.969128,63.935177,63.900864,63.866184,63.831135,63.795715,63.75993,63.72377,63.68724,63.650337,63.613064,63.575417,63.537403,63.499016,63.46026,0.024501473,0.024773695,0.025048703,0.025326766,0.025607765,0.025891304,0.026178002,0.026467413,0.026759379,0.027054265,0.02735193,0.027652338,0.027955487,0.028261118,0.028569706,0.028881378,0.029195659,0.029512778,0.029833257,0.030157313,0.030484185,0.030814268,0.031147987,0.031485915,0.031827174
922,2015-09-05 00:15:22,64.349266,80.0,0.023965687,64.319435,64.289276,64.25879,64.227974,64.19682,64.16534,64.13351,64.10133,64.06882,64.03594,64.002716,63.969128,63.935177,63.900864,63.866184,63.831135,63.795715,63.75993,63.72377,63.68724,63.650337,63.613064,63.575417,63.537403,63.499016,0.024232104,0.024501473,0.024773695,0.025048703,0.025326766,0.025607765,0.025891304,0.026178002,0.026467413,0.026759379,0.027054265,0.02735193,0.027652338,0.027955487,0.028261118,0.028569706,0.028881378,0.029195659,0.029512778,0.029833257,0.030157313,0.030484185,0.030814268,0.031147987,0.031485915
923,2015-09-05 00:15:23,64.37878,80.0,0.023702212,64.349266,64.319435,64.289276,64.25879,64.227974,64.19682,64.16534,64.13351,64.10133,64.06882,64.03594,64.002716,63.969128,63.935177,63.900864,63.866184,63.831135,63.795715,63.75993,63.72377,63.68724,63.650337,63.613064,63.575417,63.537403,0.023965687,0.024232104,0.024501473,0.024773695,0.025048703,0.025326766,0.025607765,0.025891304,0.026178002,0.026467413,0.026759379,0.027054265,0.02735193,0.027652338,0.027955487,0.028261118,0.028569706,0.028881378,0.029195659,0.029512778,0.029833257,0.030157313,0.030484185,0.030814268,0.031147987
924,2015-09-05 00:15:24,64.407974,80.0,0.02344162,64.37878,64.349266,64.319435,64.289276,64.25879,64.227974,64.19682,64.16534,64.13351,64.10133,64.06882,64.03594,64.002716,63.969128,63.935177,63.900864,63.866184,63.831135,63.795715,63.75993,63.72377,63.68724,63.650337,63.613064,63.575417,0.023702212,0.023965687,0.024232104,0.024501473,0.024773695,0.025048703,0.025326766,0.025607765,0.025891304,0.026178002,0.026467413,0.026759379,0.027054265,0.02735193,0.027652338,0.027955487,0.028261118,0.028569706,0.028881378,0.029195659,0.029512778,0.029833257,0.030157313,0.030484185,0.030814268
925,2015-09-05 00:15:25,64.43686,80.0,0.023183689,64.407974,64.37878,64.349266,64.319435,64.289276,64.25879,64.227974,64.19682,64.16534,64.13351,64.10133,64.06882,64.03594,64.002716,63.969128,63.935177,63.900864,63.866184,63.831135,63.795715,63.75993,63.72377,63.68724,63.650337,63.613064,0.02344162,0.023702212,0.023965687,0.024232104,0.024501473,0.024773695,0.025048703,0.025326766,0.025607765,0.025891304,0.026178002,0.026467413,0.026759379,0.027054265,0.02735193,0.027652338,0.027955487,0.028261118,0.028569706,0.028881378,0.029195659,0.029512778,0.029833257,0.030157313,0.030484185
926,2015-09-05 00:15:26,64.46543,80.0,0.022927716,64.43686,64.407974,64.37878,64.349266,64.319435,64.289276,64.25879,64.227974,64.19682,64.16534,64.13351,64.10133,64.06882,64.03594,64.002716,63.969128,63.935177,63.900864,63.866184,63.831135,63.795715,63.75993,63.72377,63.68724,63.650337,0.023183689,0.02344162,0.023702212,0.023965687,0.024232104,0.024501473,0.024773695,0.025048703,0.025326766,0.025607765,0.025891304,0.026178002,0.026467413,0.026759379,0.027054265,0.02735193,0.027652338,0.027955487,0.028261118,0.028569706,0.028881378,0.029195659,0.029512778,0.029833257,0.030157313
927,2015-09-05 00:15:27,64.49369,80.0,0.022674143,64.46543,64.43686,64.407974,64.37878,64.349266,64.319435,64.289276,64.25879,64.227974,64.19682,64.16534,64.13351,64.10133,64.06882,64.03594,64.002716,63.969128,63.935177,63.900864,63.866184,63.831135,63.795715,63.75993,63.72377,63.68724,0.022927716,0.023183689,0.02344162,0.023702212,0.023965687,0.024232104,0.024501473,0.024773695,0.025048703,0.025326766,0.025607765,0.025891304,0.026178002,0.026467413,0.026759379,0.027054265,0.02735193,0.027652338,0.027955487,0.028261118,0.028569706,0.028881378,0.029195659,0.029512778,0.029833257
928,2015-09-05 00:15:28,64.521645,80.0,0.022423394,64.49369,64.46543,64.43686,64.407974,64.37878,64.349266,64.319435,64.289276,64.25879,64.227974,64.19682,64.16534,64.13351,64.10133,64.06882,64.03594,64.002716,63.969128,63.935177,63.900864,63.866184,63.831135,63.795715,63.75993,63.72377,0.022674143,0.022927716,0.023183689,0.02344162,0.023702212,0.023965687,0.024232104,0.024501473,0.024773695,0.025048703,0.025326766,0.025607765,0.025891304,0.026178002,0.026467413,0.026759379,0.027054265,0.02735193,0.027652338,0.027955487,0.028261118,0.028569706,0.028881378,0.029195659,0.029512778
929,2015-09-05 00:15:29,64.54929,80.0,0.022175148,64.521645,64.49369,64.46543,64.43686,64.407974,64.37878,64.349266,64.319435,64.289276,64.25879,64.227974,64.19682,64.16534,64.13351,64.10133,64.06882,64.03594,64.002716,63.969128,63.935177,63.900864,63.866184,63.831135,63.795715,63.75993,0.022423394,0.022674143,0.022927716,0.023183689,0.02344162,0.023702212,0.023965687,0.024232104,0.024501473,0.024773695,0.025048703,0.025326766,0.025607765,0.025891304,0.026178002,0.026467413,0.026759379,0.027054265,0.02735193,0.027652338,0.027955487,0.028261118,0.028569706,0.028881378,0.029195659
930,2015-09-05 00:15:30,64.576645,80.0,0.021929592,64.54929,64.521645,64.49369,64.46543,64.43686,64.407974,64.37878,64.349266,64.319435,64.289276,64.25879,64.227974,64.19682,64.16534,64.13351,64.10133,64.06882,64.03594,64.002716,63.969128,63.935177,63.900864,63.866184,63.831135,63.795715,0.022175148,0.022423394,0.022674143,0.022927716,0.023183689,0.02344162,0.023702212,0.023965687,0.024232104,0.024501473,0.024773695,0.025048703,0.025326766,0.025607765,0.025891304,0.026178002,0.026467413,0.026759379,0.027054265,0.02735193,0.027652338,0.027955487,0.028261118,0.028569706,0.028881378
931,2015-09-05 00:15:31,64.6037,80.0,0.021686658,64.576645,64.54929,64.521645,64.49369,64.46543,64.43686,64.407974,64.37878,64.349266,64.319435,64.289276,64.25879,64.227974,64.19682,64.16534,64.13351,64.10133,64.06882,64.03594,64.002716,63.969128,63.935177,63.900864,63.866184,63.831135,0.021929592,0.022175148,0.022423394,0.022674143,0.022927716,0.023183689,0.02344162,0.023702212,0.023965687,0.024232104,0.024501473,0.024773695,0.025048703,0.025326766,0.025607765,0.025891304,0.026178002,0.026467413,0.026759379,0.027054265,0.02735193,0.027652338,0.027955487,0.028261118,0.028569706
932,2015-09-05 00:15:32,64.630455,80.0,0.02144631,64.6037,64.576645,64.54929,64.521645,64.49369,64.46543,64.43686,64.407974,64.37878,64.349266,64.319435,64.289276,64.25879,64.227974,64.19682,64.16534,64.13351,64.10133,64.06882,64.03594,64.002716,63.969128,63.935177,63.900864,63.866184,0.021686658,0.021929592,0.022175148,0.022423394,0.022674143,0.022927716,0.023183689,0.02344162,0.023702212,0.023965687,0.024232104,0.024501473,0.024773695,0.025048703,0.025326766,0.025607765,0.025891304,0.026178002,0.026467413,0.026759379,0.027054265,0.02735193,0.027652338,0.027955487,0.028261118
933,2015-09-05 00:15:33,64.65692,80.0,0.021208666,64.630455,64.6037,64.576645,64.54929,64.521645,64.49369,64.46543,64.43686,64.407974,64.37878,64.349266,64.319435,64.289276,64.25879,64.227974,64.19682,64.16534,64.13351,64.10133,64.06882,64.03594,64.002716,63.969128,63.935177,63.900864,0.02144631,0.021686658,0.021929592,0.022175148,0.022423394,0.022674143,0.022927716,0.023183689,0.02344162,0.023702212,0.023965687,0.024232104,0.024501473,0.024773695,0.025048703,0.025326766,0.025607765,0.025891304,0.026178002,0.026467413,0.026759379,0.027054265,0.02735193,0.027652338,0.027955487
934,2015-09-05 00:15:34,64.6831,80.0,0.020973615,64.65692,64.630455,64.6037,64.576645,64.54929,64.521645,64.49369,64.46543,64.43686,64.407974,64.37878,64.349266,64.319435,64.289276,64.25879,64.227974,64.19682,64.16534,64.13351,64.10133,64.06882,64.03594,64.002716,63.969128,63.935177,0.021208666,0.02144631,0.021686658,0.021929592,0.022175148,0.022423394,0.022674143,0.022927716,0.023183689,0.02344162,0.023702212,0.023965687,0.024232104,0.024501473,0.024773695,0.025048703,0.025326766,0.025607765,0.025891304,0.026178002,0.026467413,0.026759379,0.027054265,0.02735193,0.027652338
935,2015-09-05 00:15:35,64.70899,80.0,0.020740926,64.6831,64.65692,64.630455,64.6037,64.576645,64.54929,64.521645,64.49369,64.46543,64.43686,64.407974,64.37878,64.349266,64.319435,64.289276,64.25879,64.227974,64.19682,64.16534,64.13351,64.10133,64.06882,64.03594,64.002716,63.969128,0.020973615,0.021208666,0.02144631,0.021686658,0.021929592,0.022175148,0.022423394,0.022674143,0.022927716,0.023183689,0.02344162,0.023702212,0.023965687,0.024232104,0.024501473,0.024773695,0.025048703,0.025326766,0.025607765,0.025891304,0.026178002,0.026467413,0.026759379,0.027054265,0.02735193
936,2015-09-05 00:15:36,64.7346,80.0,0.020510688,64.70899,64.6831,64.65692,64.630455,64.6037,64.576645,64.54929,64.521645,64.49369,64.46543,64.43686,64.407974,64.37878,64.349266,64.319435,64.289276,64.25879,64.227974,64.19682,64.16534,64.13351,64.10133,64.06882,64.03594,64.002716,0.020740926,0.020973615,0.021208666,0.02144631,0.021686658,0.021929592,0.022175148,0.022423394,0.022674143,0.022927716,0.023183689,0.02344162,0.023702212,0.023965687,0.024232104,0.024501473,0.024773695,0.025048703,0.025326766,0.025607765,0.025891304,0.026178002,0.026467413,0.026759379,0.027054265
937,2015-09-05 00:15:37,64.759926,80.0,0.020283125,64.7346,64.70899,64.6831,64.65692,64.630455,64.6037,64.576645,64.54929,64.521645,64.49369,64.46543,64.43686,64.407974,64.37878,64.349266,64.319435,64.289276,64.25879,64.227974,64.19682,64.16534,64.13351,64.10133,64.06882,64.03594,0.020510688,0.020740926,0.020973615,0.021208666,0.02144631,0.021686658,0.021929592,0.022175148,0.022423394,0.022674143,0.022927716,0.023183689,0.02344162,0.023702212,0.023965687,0.024232104,0.024501473,0.024773695,0.025048703,0.025326766,0.025607765,0.025891304,0.026178002,0.026467413,0.026759379
938,2015-09-05 00:15:38,64.78497,80.0,0.020057887,64.759926,64.7346,64.70899,64.6831,64.65692,64.630455,64.6037,64.576645,64.54929,64.521645,64.49369,64.46543,64.43686,64.407974,64.37878,64.349266,64.319435,64.289276,64.25879,64.227974,64.19682,64.16534,64.13351,64.10133,64.06882,0.020283125,0.020510688,0.020740926,0.020973615,0.021208666,0.02144631,0.021686658,0.021929592,0.022175148,0.022423394,0.022674143,0.022927716,0.023183689,0.02344162,0.023702212,0.023965687,0.024232104,0.024501473,0.024773695,0.025048703,0.025326766,0.025607765,0.025891304,0.026178002,0.026467413
939,2015-09-05 00:15:39,64.809746,80.0,0.01983492,64.78497,64.759926,64.7346,64.70899,64.6831,64.65692,64.630455,64.6037,64.576645,64.54929,64.521645,64.49369,64.46543,64.43686,64.407974,64.37878,64.349266,64.319435,64.289276,64.25879,64.227974,64.19682,64.16534,64.13351,64.10133,0.020057887,0.020283125,0.020510688,0.020740926,0.020973615,0.021208666,0.02144631,0.021686658,0.021929592,0.022175148,0.022423394,0.022674143,0.022927716,0.023183689,0.02344162,0.023702212,0.023965687,0.024232104,0.024501473,0.024773695,0.025048703,0.025326766,0.025607765,0.025891304,0.026178002
940,2015-09-05 00:15:40,64.83424,80.0,0.01961442,64.809746,64.78497,64.759926,64.7346,64.70899,64.6831,64.65692,64.630455,64.6037,64.576645,64.54929,64.521645,64.49369,64.46543,64.43686,64.407974,64.37878,64.349266,64.319435,64.289276,64.25879,64.227974,64.19682,64.16534,64.13351,0.01983492,0.020057887,0.020283125,0.020510688,0.020740926,0.020973615,0.021208666,0.02144631,0.021686658,0.021929592,0.022175148,0.022423394,0.022674143,0.022927716,0.023183689,0.02344162,0.023702212,0.023965687,0.024232104,0.024501473,0.024773695,0.025048703,0.025326766,0.025607765,0.025891304
941,2015-09-05 00:15:41,64.858475,80.0,0.019396327,64.83424,64.809746,64.78497,64.759926,64.7346,64.70899,64.6831,64.65692,64.630455,64.6037,64.576645,64.54929,64.521645,64.49369,64.46543,64.43686,64.407974,64.37878,64.349266,64.319435,64.289276,64.25879,64.227974,64.19682,64.16534,0.01961442,0.01983492,0.020057887,0.020283125,0.020510688,0.020740926,0.020973615,0.021208666,0.02144631,0.021686658,0.021929592,0.022175148,0.022423394,0.022674143,0.022927716,0.023183689,0.02344162,0.023702212,0.023965687,0.024232104,0.024501473,0.024773695,0.025048703,0.025326766,0.025607765
942,2015-09-05 00:15:42,64.88244,80.0,0.019180603,64.858475,64.83424,64.809746,64.78497,64.759926,64.7346,64.70899,64.6831,64.65692,64.630455,64.6037,64.576645,64.54929,64.521645,64.49369,64.46543,64.43686,64.407974,64.37878,64.349266,64.319435,64.289276,64.25879,64.227974,64.19682,0.019396327,0.01961442,0.01983492,0.020057887,0.020283125,0.020510688,0.020740926,0.020973615,0.021208666,0.02144631,0.021686658,0.021929592,0.022175148,0.022423394,0.022674143,0.022927716,0.023183689,0.02344162,0.023702212,0.023965687,0.024232104,0.024501473,0.024773695,0.025048703,0.025326766
943,2015-09-05 00:15:43,64.90614,80.0,0.01896733,64.88244,64.858475,64.83424,64.809746,64.78497,64.759926,64.7346,64.70899,64.6831,64.65692,64.630455,64.6037,64.576645,64.54929,64.521645,64.49369,64.46543,64.43686,64.407974,64.37878,64.349266,64.319435,64.289276,64.25879,64.227974,0.019180603,0.019396327,0.01961442,0.01983492,0.020057887,0.020283125,0.020510688,0.020740926,0.020973615,0.021208666,0.02144631,0.021686658,0.021929592,0.022175148,0.022423394,0.022674143,0.022927716,0.023183689,0.02344162,0.023702212,0.023965687,0.024232104,0.024501473,0.024773695,0.025048703
944,2015-09-05 00:15:44,64.92959,80.0,0.018756256,64.90614,64.88244,64.858475,64.83424,64.809746,64.78497,64.759926,64.7346,64.70899,64.6831,64.65692,64.630455,64.6037,64.576645,64.54929,64.521645,64.49369,64.46543,64.43686,64.407974,64.37878,64.349266,64.319435,64.289276,64.25879,0.01896733,0.019180603,0.019396327,0.01961442,0.01983492,0.020057887,0.020283125,0.020510688,0.020740926,0.020973615,0.021208666,0.02144631,0.021686658,0.021929592,0.022175148,0.022423394,0.022674143,0.022927716,0.023183689,0.02344162,0.023702212,0.023965687,0.024232104,0.024501473,0.024773695
945,2015-09-05 00:15:45,64.952774,80.0,0.018547408,64.92959,64.90614,64.88244,64.858475,64.83424,64.809746,64.78497,64.759926,64.7346,64.70899,64.6831,64.65692,64.630455,64.6037,64.576645,64.54929,64.521645,64.49369,64.46543,64.43686,64.407974,64.37878,64.349266,64.319435,64.289276,0.018756256,0.01896733,0.019180603,0.019396327,0.01961442,0.01983492,0.020057887,0.020283125,0.020510688,0.020740926,0.020973615,0.021208666,0.02144631,0.021686658,0.021929592,0.022175148,0.022423394,0.022674143,0.022927716,0.023183689,0.02344162,0.023702212,0.023965687,0.024232104,0.024501473
946,2015-09-05 00:15:46,64.9757,80.0,0.018340938,64.952774,64.92959,64.90614,64.88244,64.858475,64.83424,64.809746,64.78497,64.759926,64.7346,64.70899,64.6831,64.65692,64.630455,64.6037,64.576645,64.54929,64.521645,64.49369,64.46543,64.43686,64.407974,64.37878,64.349266,64.319435,0.018547408,0.018756256,0.01896733,0.019180603,0.019396327,0.01961442,0.01983492,0.020057887,0.020283125,0.020510688,0.020740926,0.020973615,0.021208666,0.02144631,0.021686658,0.021929592,0.022175148,0.022423394,0.022674143,0.022927716,0.023183689,0.02344162,0.023702212,0.023965687,0.024232104
947,2015-09-05 00:15:47,64.998375,80.0,0.018136665,64.9757,64.952774,64.92959,64.90614,64.88244,64.858475,64.83424,64.809746,64.78497,64.759926,64.7346,64.70899,64.6831,64.65692,64.630455,64.6037,64.576645,64.54929,64.521645,64.49369,64.46543,64.43686,64.407974,64.37878,64.349266,0.018340938,0.018547408,0.018756256,0.01896733,0.019180603,0.019396327,0.01961442,0.01983492,0.020057887,0.020283125,0.020510688,0.020740926,0.020973615,0.021208666,0.02144631,0.021686658,0.021929592,0.022175148,0.022423394,0.022674143,0.022927716,0.023183689,0.02344162,0.023702212,0.023965687
948,2015-09-05 00:15:48,65.0208,80.0,0.017934889,64.998375,64.9757,64.952774,64.92959,64.90614,64.88244,64.858475,64.83424,64.809746,64.78497,64.759926,64.7346,64.70899,64.6831,64.65692,64.630455,64.6037,64.576645,64.54929,64.521645,64.49369,64.46543,64.43686,64.407974,64.37878,0.018136665,0.018340938,0.018547408,0.018756256,0.01896733,0.019180603,0.019396327,0.01961442,0.01983492,0.020057887,0.020283125,0.020510688,0.020740926,0.020973615,0.021208666,0.02144631,0.021686658,0.021929592,0.022175148,0.022423394,0.022674143,0.022927716,0.023183689,0.02344162,0.023702212
949,2015-09-05 00:15:49,65.04298,80.0,0.017734915,65.0208,64.998375,64.9757,64.952774,64.92959,64.90614,64.88244,64.858475,64.83424,64.809746,64.78497,64.759926,64.7346,64.70899,64.6831,64.65692,64.630455,64.6037,64.576645,64.54929,64.521645,64.49369,64.46543,64.43686,64.407974,0.017934889,0.018136665,0.018340938,0.018547408,0.018756256,0.01896733,0.019180603,0.019396327,0.01961442,0.01983492,0.020057887,0.020283125,0.020510688,0.020740926,0.020973615,0.021208666,0.02144631,0.021686658,0.021929592,0.022175148,0.022423394,0.022674143,0.022927716,0.023183689,0.02344162
950,2015-09-05 00:15:50,65.0649,80.0,0.01753749,65.04298,65.0208,64.998375,64.9757,64.952774,64.92959,64.90614,64.88244,64.858475,64.83424,64.809746,64.78497,64.759926,64.7346,64.70899,64.6831,64.65692,64.630455,64.6037,64.576645,64.54929,64.521645,64.49369,64.46543,64.43686,0.017734915,0.017934889,0.018136665,0.018340938,0.018547408,0.018756256,0.01896733,0.019180603,0.019396327,0.01961442,0.01983492,0.020057887,0.020283125,0.020510688,0.020740926,0.020973615,0.021208666,0.02144631,0.021686658,0.021929592,0.022175148,0.022423394,0.022674143,0.022927716,0.023183689
951,2015-09-05 00:15:51,65.08659,80.0,0.017341867,65.0649,65.04298,65.0208,64.998375,64.9757,64.952774,64.92959,64.90614,64.88244,64.858475,64.83424,64.809746,64.78497,64.759926,64.7346,64.70899,64.6831,64.65692,64.630455,64.6037,64.576645,64.54929,64.521645,64.49369,64.46543,0.01753749,0.017734915,0.017934889,0.018136665,0.018340938,0.018547408,0.018756256,0.01896733,0.019180603,0.019396327,0.01961442,0.01983492,0.020057887,0.020283125,0.020510688,0.020740926,0.020973615,0.021208666,0.02144631,0.021686658,0.021929592,0.022175148,0.022423394,0.022674143,0.022927716
952,2015-09-05 00:15:52,65.10804,80.0,0.017148748,65.08659,65.0649,65.04298,65.0208,64.998375,64.9757,64.952774,64.92959,64.90614,64.88244,64.858475,64.83424,64.809746,64.78497,64.759926,64.7346,64.70899,64.6831,64.65692,64.630455,64.6037,64.576645,64.54929,64.521645,64.49369,0.017341867,0.01753749,0.017734915,0.017934889,0.018136665,0.018340938,0.018547408,0.018756256,0.01896733,0.019180603,0.019396327,0.01961442,0.01983492,0.020057887,0.020283125,0.020510688,0.020740926,0.020973615,0.021208666,0.02144631,0.021686658,0.021929592,0.022175148,0.022423394,0.022674143
953,2015-09-05 00:15:53,65.12925,80.0,0.016957551,65.10804,65.08659,65.0649,65.04298,65.0208,64.998375,64.9757,64.952774,64.92959,64.90614,64.88244,64.858475,64.83424,64.809746,64.78497,64.759926,64.7346,64.70899,64.6831,64.65692,64.630455,64.6037,64.576645,64.54929,64.521645,0.017148748,0.017341867,0.01753749,0.017734915,0.017934889,0.018136665,0.018340938,0.018547408,0.018756256,0.01896733,0.019180603,0.019396327,0.01961442,0.01983492,0.020057887,0.020283125,0.020510688,0.020740926,0.020973615,0.021208666,0.02144631,0.021686658,0.021929592,0.022175148,0.022423394
954,2015-09-05 00:15:54,65.15022,80.0,0.016768686,65.12925,65.10804,65.08659,65.0649,65.04298,65.0208,64.998375,64.9757,64.952774,64.92959,64.90614,64.88244,64.858475,64.83424,64.809746,64.78497,64.759926,64.7346,64.70899,64.6831,64.65692,64.630455,64.6037,64.576645,64.54929,0.016957551,0.017148748,0.017341867,0.01753749,0.017734915,0.017934889,0.018136665,0.018340938,0.018547408,0.018756256,0.01896733,0.019180603,0.019396327,0.01961442,0.01983492,0.020057887,0.020283125,0.020510688,0.020740926,0.020973615,0.021208666,0.02144631,0.021686658,0.021929592,0.022175148
955,2015-09-05 00:15:55,65.17097,80.0,0.01658155,65.15022,65.12925,65.10804,65.08659,65.0649,65.04298,65.0208,64.998375,64.9757,64.952774,64.92959,64.90614,64.88244,64.858475,64.83424,64.809746,64.78497,64.759926,64.7346,64.70899,64.6831,64.65692,64.630455,64.6037,64.576645,0.016768686,0.016957551,0.017148748,0.017341867,0.01753749,0.017734915,0.017934889,0.018136665,0.018340938,0.018547408,0.018756256,0.01896733,0.019180603,0.019396327,0.01961442,0.01983492,0.020057887,0.020283125,0.020510688,0.020740926,0.020973615,0.021208666,0.02144631,0.021686658,0.021929592
956,2015-09-05 00:15:56,65.191475,80.0,0.01639665,65.17097,65.15022,65.12925,65.10804,65.08659,65.0649,65.04298,65.0208,64.998375,64.9757,64.952774,64.92959,64.90614,64.88244,64.858475,64.83424,64.809746,64.78497,64.759926,64.7346,64.70899,64.6831,64.65692,64.630455,64.6037,0.01658155,0.016768686,0.016957551,0.017148748,0.017341867,0.01753749,0.017734915,0.017934889,0.018136665,0.018340938,0.018547408,0.018756256,0.01896733,0.019180603,0.019396327,0.01961442,0.01983492,0.020057887,0.020283125,0.020510688,0.020740926,0.020973615,0.021208666,0.02144631,0.021686658
957,2015-09-05 00:15:57,65.21176,80.0,0.016213425,65.191475,65.17097,65.15022,65.12925,65.10804,65.08659,65.0649,65.04298,65.0208,64.998375,64.9757,64.952774,64.92959,64.90614,64.88244,64.858475,64.83424,64.809746,64.78497,64.759926,64.7346,64.70899,64.6831,64.65692,64.630455,0.01639665,0.01658155,0.016768686,0.016957551,0.017148748,0.017341867,0.01753749,0.017734915,0.017934889,0.018136665,0.018340938,0.018547408,0.018756256,0.01896733,0.019180603,0.019396327,0.01961442,0.01983492,0.020057887,0.020283125,0.020510688,0.020740926,0.020973615,0.021208666,0.02144631
958,2015-09-05 00:15:58,65.23182,80.0,0.01603274,65.21176,65.191475,65.17097,65.15022,65.12925,65.10804,65.08659,65.0649,65.04298,65.0208,64.998375,64.9757,64.952774,64.92959,64.90614,64.88244,64.858475,64.83424,64.809746,64.78497,64.759926,64.7346,64.70899,64.6831,64.65692,0.016213425,0.01639665,0.01658155,0.016768686,0.016957551,0.017148748,0.017341867,0.01753749,0.017734915,0.017934889,0.018136665,0.018340938,0.018547408,0.018756256,0.01896733,0.019180603,0.019396327,0.01961442,0.01983492,0.020057887,0.020283125,0.020510688,0.020740926,0.020973615,0.021208666
959,2015-09-05 00:15:59,65.251656,80.0,0.015853867,65.23182,65.21176,65.191475,65.17097,65.15022,65.12925,65.10804,65.08659,65.0649,65.04298,65.0208,64.998375,64.9757,64.952774,64.92959,64.90614,64.88244,64.858475,64.83424,64.809746,64.78497,64.759926,64.7346,64.70899,64.6831,0.01603274,0.016213425,0.01639665,0.01658155,0.016768686,0.016957551,0.017148748,0.017341867,0.01753749,0.017734915,0.017934889,0.018136665,0.018340938,0.018547408,0.018756256,0.01896733,0.019180603,0.019396327,0.01961442,0.01983492,0.020057887,0.020283125,0.020510688,0.020740926,0.020973615
960,2015-09-05 00:16:00,65.27127,80.0,0.015676975,65.251656,65.23182,65.21176,65.191475,65.17097,65.15022,65.12925,65.10804,65.08659,65.0649,65.04298,65.0208,64.998375,64.9757,64.952774,64.92959,64.90614,64.88244,64.858475,64.83424,64.809746,64.78497,64.759926,64.7346,64.70899,0.015853867,0.01603274,0.016213425,0.01639665,0.01658155,0.016768686,0.016957551,0.017148748,0.017341867,0.01753749,0.017734915,0.017934889,0.018136665,0.018340938,0.018547408,0.018756256,0.01896733,0.019180603,0.019396327,0.01961442,0.01983492,0.020057887,0.020283125,0.020510688,0.020740926
961,2015-09-05 00:16:01,65.290665,80.0,0.0155017525,65.27127,65.251656,65.23182,65.21176,65.191475,65.17097,65.15022,65.12925,65.10804,65.08659,65.0649,65.04298,65.0208,64.998375,64.9757,64.952774,64.92959,64.90614,64.88244,64.858475,64.83424,64.809746,64.78497,64.759926,64.7346,0.015676975,0.015853867,0.01603274,0.016213425,0.01639665,0.01658155,0.016768686,0.016957551,0.017148748,0.017341867,0.01753749,0.017734915,0.017934889,0.018136665,0.018340938,0.018547408,0.018756256,0.01896733,0.019180603,0.019396327,0.01961442,0.01983492,0.020057887,0.020283125,0.020510688
962,2015-09-05 00:16:02,65.309845,80.0,0.015328735,65.290665,65.27127,65.251656,65.23182,65.21176,65.191475,65.17097,65.15022,65.12925,65.10804,65.08659,65.0649,65.04298,65.0208,64.998375,64.9757,64.952774,64.92959,64.90614,64.88244,64.858475,64.83424,64.809746,64.78497,64.759926,0.0155017525,0.015676975,0.015853867,0.01603274,0.016213425,0.01639665,0.01658155,0.016768686,0.016957551,0.017148748,0.017341867,0.01753749,0.017734915,0.017934889,0.018136665,0.018340938,0.018547408,0.018756256,0.01896733,0.019180603,0.019396327,0.01961442,0.01983492,0.020057887,0.020283125
963,2015-09-05 00:16:03,65.32881,80.0,0.0151575655,65.309845,65.290665,65.27127,65.251656,65.23182,65.21176,65.191475,65.17097,65.15022,65.12925,65.10804,65.08659,65.0649,65.04298,65.0208,64.998375,64.9757,64.952774,64.92959,64.90614,64.88244,64.858475,64.83424,64.809746,64.78497,0.015328735,0.0155017525,0.015676975,0.015853867,0.01603274,0.016213425,0.01639665,0.01658155,0.016768686,0.016957551,0.017148748,0.017341867,0.01753749,0.017734915,0.017934889,0.018136665,0.018340938,0.018547408,0.018756256,0.01896733,0.019180603,0.019396327,0.01961442,0.01983492,0.020057887
964,2015-09-05 00:16:04,65.347565,80.0,0.014988631,65.32881,65.309845,65.290665,65.27127,65.251656,65.23182,65.21176,65.191475,65.17097,65.15022,65.12925,65.10804,65.08659,65.0649,65.04298,65.0208,64.998375,64.9757,64.952774,64.92959,64.90614,64.88244,64.858475,64.83424,64.809746,0.0151575655,0.015328735,0.0155017525,0.015676975,0.015853867,0.01603274,0.016213425,0.01639665,0.01658155,0.016768686,0.016957551,0.017148748,0.017341867,0.01753749,0.017734915,0.017934889,0.018136665,0.018340938,0.018547408,0.018756256,0.01896733,0.019180603,0.019396327,0.01961442,0.01983492
965,2015-09-05 00:16:05,65.36611,80.0,0.014820829,65.347565,65.32881,65.309845,65.290665,65.27127,65.251656,65.23182,65.21176,65.191475,65.17097,65.15022,65.12925,65.10804,65.08659,65.0649,65.04298,65.0208,64.998375,64.9757,64.952774,64.92959,64.90614,64.88244,64.858475,64.83424,0.014988631,0.0151575655,0.015328735,0.0155017525,0.015676975,0.015853867,0.01603274,0.016213425,0.01639665,0.01658155,0.016768686,0.016957551,0.017148748,0.017341867,0.01753749,0.017734915,0.017934889,0.018136665,0.018340938,0.018547408,0.018756256,0.01896733,0.019180603,0.019396327,0.01961442
966,2015-09-05 00:16:06,65.38445,80.0,0.014655516,65.36611,65.347565,65.32881,65.309845,65.290665,65.27127,65.251656,65.23182,65.21176,65.191475,65.17097,65.15022,65.12925,65.10804,65.08659,65.0649,65.04298,65.0208,64.998375,64.9757,64.952774,64.92959,64.90614,64.88244,64.858475,0.014820829,0.014988631,0.0151575655,0.015328735,0.0155017525,0.015676975,0.015853867,0.01603274,0.016213425,0.01639665,0.01658155,0.016768686,0.016957551,0.017148748,0.017341867,0.01753749,0.017734915,0.017934889,0.018136665,0.018340938,0.018547408,0.018756256,0.01896733,0.019180603,0.019396327
967,2015-09-05 00:16:07,65.40259,80.0,0.014491707,65.38445,65.36611,65.347565,65.32881,65.309845,65.290665,65.27127,65.251656,65.23182,65.21176,65.191475,65.17097,65.15022,65.12925,65.10804,65.08659,65.0649,65.04298,65.0208,64.998375,64.9757,64.952774,64.92959,64.90614,64.88244,0.014655516,0.014820829,0.014988631,0.0151575655,0.015328735,0.0155017525,0.015676975,0.015853867,0.01603274,0.016213425,0.01639665,0.01658155,0.016768686,0.016957551,0.017148748,0.017341867,0.01753749,0.017734915,0.017934889,0.018136665,0.018340938,0.018547408,0.018756256,0.01896733,0.019180603
968,2015-09-05 00:16:08,65.420525,80.0,0.014329791,65.40259,65.38445,65.36611,65.347565,65.32881,65.309845,65.290665,65.27127,65.251656,65.23182,65.21176,65.191475,65.17097,65.15022,65.12925,65.10804,65.08659,65.0649,65.04298,65.0208,64.998375,64.9757,64.952774,64.92959,64.90614,0.014491707,0.014655516,0.014820829,0.014988631,0.0151575655,0.015328735,0.0155017525,0.015676975,0.015853867,0.01603274,0.016213425,0.01639665,0.01658155,0.016768686,0.016957551,0.017148748,0.017341867,0.01753749,0.017734915,0.017934889,0.018136665,0.018340938,0.018547408,0.018756256,0.01896733
969,2015-09-05 00:16:09,65.43826,80.0,0.0141697675,65.420525,65.40259,65.38445,65.36611,65.347565,65.32881,65.309845,65.290665,65.27127,65.251656,65.23182,65.21176,65.191475,65.17097,65.15022,65.12925,65.10804,65.08659,65.0649,65.04298,65.0208,64.998375,64.9757,64.952774,64.92959,0.014329791,0.014491707,0.014655516,0.014820829,0.014988631,0.0151575655,0.015328735,0.0155017525,0.015676975,0.015853867,0.01603274,0.016213425,0.01639665,0.01658155,0.016768686,0.016957551,0.017148748,0.017341867,0.01753749,0.017734915,0.017934889,0.018136665,0.018340938,0.018547408,0.018756256
970,2015-09-05 00:16:10,65.4558,80.0,0.014011472,65.43826,65.420525,65.40259,65.38445,65.36611,65.347565,65.32881,65.309845,65.290665,65.27127,65.251656,65.23182,65.21176,65.191475,65.17097,65.15022,65.12925,65.10804,65.08659,65.0649,65.04298,65.0208,64.998375,64.9757,64.952774,0.0141697675,0.014329791,0.014491707,0.014655516,0.014820829,0.014988631,0.0151575655,0.015328735,0.0155017525,0.015676975,0.015853867,0.01603274,0.016213425,0.01639665,0.01658155,0.016768686,0.016957551,0.017148748,0.017341867,0.01753749,0.017734915,0.017934889,0.018136665,0.018340938,0.018547408
971,2015-09-05 00:16:11,65.473145,80.0,0.013855115,65.4558,65.43826,65.420525,65.40259,65.38445,65.36611,65.347565,65.32881,65.309845,65.290665,65.27127,65.251656,65.23182,65.21176,65.191475,65.17097,65.15022,65.12925,65.10804,65.08659,65.0649,65.04298,65.0208,64.998375,64.9757,0.014011472,0.0141697675,0.014329791,0.014491707,0.014655516,0.014820829,0.014988631,0.0151575655,0.015328735,0.0155017525,0.015676975,0.015853867,0.01603274,0.016213425,0.01639665,0.01658155,0.016768686,0.016957551,0.017148748,0.017341867,0.01753749,0.017734915,0.017934889,0.018136665,0.018340938
972,2015-09-05 00:16:12,65.490295,80.0,0.013700396,65.473145,65.4558,65.43826,65.420525,65.40259,65.38445,65.36611,65.347565,65.32881,65.309845,65.290665,65.27127,65.251656,65.23182,65.21176,65.191475,65.17097,65.15022,65.12925,65.10804,65.08659,65.0649,65.04298,65.0208,64.998375,0.013855115,0.014011472,0.0141697675,0.014329791,0.014491707,0.014655516,0.014820829,0.014988631,0.0151575655,0.015328735,0.0155017525,0.015676975,0.015853867,0.01603274,0.016213425,0.01639665,0.01658155,0.016768686,0.016957551,0.017148748,0.017341867,0.01753749,0.017734915,0.017934889,0.018136665
973,2015-09-05 00:16:13,65.507256,80.0,0.01354748,65.490295,65.473145,65.4558,65.43826,65.420525,65.40259,65.38445,65.36611,65.347565,65.32881,65.309845,65.290665,65.27127,65.251656,65.23182,65.21176,65.191475,65.17097,65.15022,65.12925,65.10804,65.08659,65.0649,65.04298,65.0208,0.013700396,0.013855115,0.014011472,0.0141697675,0.014329791,0.014491707,0.014655516,0.014820829,0.014988631,0.0151575655,0.015328735,0.0155017525,0.015676975,0.015853867,0.01603274,0.016213425,0.01639665,0.01658155,0.016768686,0.016957551,0.017148748,0.017341867,0.01753749,0.017734915,0.017934889
974,2015-09-05 00:16:14,65.524025,80.0,0.013395935,65.507256,65.490295,65.473145,65.4558,65.43826,65.420525,65.40259,65.38445,65.36611,65.347565,65.32881,65.309845,65.290665,65.27127,65.251656,65.23182,65.21176,65.191475,65.17097,65.15022,65.12925,65.10804,65.08659,65.0649,65.04298,0.01354748,0.013700396,0.013855115,0.014011472,0.0141697675,0.014329791,0.014491707,0.014655516,0.014820829,0.014988631,0.0151575655,0.015328735,0.0155017525,0.015676975,0.015853867,0.01603274,0.016213425,0.01639665,0.01658155,0.016768686,0.016957551,0.017148748,0.017341867,0.01753749,0.017734915
975,2015-09-05 00:16:15,65.5406,80.0,0.013246372,65.524025,65.507256,65.490295,65.473145,65.4558,65.43826,65.420525,65.40259,65.38445,65.36611,65.347565,65.32881,65.309845,65.290665,65.27127,65.251656,65.23182,65.21176,65.191475,65.17097,65.15022,65.12925,65.10804,65.08659,65.0649,0.013395935,0.01354748,0.013700396,0.013855115,0.014011472,0.0141697675,0.014329791,0.014491707,0.014655516,0.014820829,0.014988631,0.0151575655,0.015328735,0.0155017525,0.015676975,0.015853867,0.01603274,0.016213425,0.01639665,0.01658155,0.016768686,0.016957551,0.017148748,0.017341867,0.01753749
976,2015-09-05 00:16:16,65.557,80.0,0.013098456,65.5406,65.524025,65.507256,65.490295,65.473145,65.4558,65.43826,65.420525,65.40259,65.38445,65.36611,65.347565,65.32881,65.309845,65.290665,65.27127,65.251656,65.23182,65.21176,65.191475,65.17097,65.15022,65.12925,65.10804,65.08659,0.013246372,0.013395935,0.01354748,0.013700396,0.013855115,0.014011472,0.0141697675,0.014329791,0.014491707,0.014655516,0.014820829,0.014988631,0.0151575655,0.015328735,0.0155017525,0.015676975,0.015853867,0.01603274,0.016213425,0.01639665,0.01658155,0.016768686,0.016957551,0.017148748,0.017341867
977,2015-09-05 00:16:17,65.57321,80.0,0.012952045,65.557,65.5406,65.524025,65.507256,65.490295,65.473145,65.4558,65.43826,65.420525,65.40259,65.38445,65.36611,65.347565,65.32881,65.309845,65.290665,65.27127,65.251656,65.23182,65.21176,65.191475,65.17097,65.15022,65.12925,65.10804,0.013098456,0.013246372,0.013395935,0.01354748,0.013700396,0.013855115,0.014011472,0.0141697675,0.014329791,0.014491707,0.014655516,0.014820829,0.014988631,0.0151575655,0.015328735,0.0155017525,0.015676975,0.015853867,0.01603274,0.016213425,0.01639665,0.01658155,0.016768686,0.016957551,0.017148748
978,2015-09-05 00:16:18,65.58924,80.0,0.01280722,65.57321,65.557,65.5406,65.524025,65.507256,65.490295,65.473145,65.4558,65.43826,65.420525,65.40259,65.38445,65.36611,65.347565,65.32881,65.309845,65.290665,65.27127,65.251656,65.23182,65.21176,65.191475,65.17097,65.15022,65.12925,0.012952045,0.013098456,0.013246372,0.013395935,0.01354748,0.013700396,0.013855115,0.014011472,0.0141697675,0.014329791,0.014491707,0.014655516,0.014820829,0.014988631,0.0151575655,0.015328735,0.0155017525,0.015676975,0.015853867,0.01603274,0.016213425,0.01639665,0.01658155,0.016768686,0.016957551
979,2015-09-05 00:16:19,65.605095,80.0,0.012664124,65.58924,65.57321,65.557,65.5406,65.524025,65.507256,65.490295,65.473145,65.4558,65.43826,65.420525,65.40259,65.38445,65.36611,65.347565,65.32881,65.309845,65.290665,65.27127,65.251656,65.23182,65.21176,65.191475,65.17097,65.15022,0.01280722,0.012952045,0.013098456,0.013246372,0.013395935,0.01354748,0.013700396,0.013855115,0.014011472,0.0141697675,0.014329791,0.014491707,0.014655516,0.014820829,0.014988631,0.0151575655,0.015328735,0.0155017525,0.015676975,0.015853867,0.01603274,0.016213425,0.01639665,0.01658155,0.016768686
980,2015-09-05 00:16:20,65.62077,80.0,0.012522571,65.605095,65.58924,65.57321,65.557,65.5406,65.524025,65.507256,65.490295,65.473145,65.4558,65.43826,65.420525,65.40259,65.38445,65.36611,65.347565,65.32881,65.309845,65.290665,65.27127,65.251656,65.23182,65.21176,65.191475,65.17097,0.012664124,0.01280722,0.012952045,0.013098456,0.013246372,0.013395935,0.01354748,0.013700396,0.013855115,0.014011472,0.0141697675,0.014329791,0.014491707,0.014655516,0.014820829,0.014988631,0.0151575655,0.015328735,0.0155017525,0.015676975,0.015853867,0.01603274,0.016213425,0.01639665,0.01658155
981,2015-09-05 00:16:21,65.63628,80.0,0.012382567,65.62077,65.605095,65.58924,65.57321,65.557,65.5406,65.524025,65.507256,65.490295,65.473145,65.4558,65.43826,65.420525,65.40259,65.38445,65.36611,65.347565,65.32881,65.309845,65.290665,65.27127,65.251656,65.23182,65.21176,65.191475,0.012522571,0.012664124,0.01280722,0.012952045,0.013098456,0.013246372,0.013395935,0.01354748,0.013700396,0.013855115,0.014011472,0.0141697675,0.014329791,0.014491707,0.014655516,0.014820829,0.014988631,0.0151575655,0.015328735,0.0155017525,0.015676975,0.015853867,0.01603274,0.016213425,0.01639665
982,2015-09-05 00:16:22,65.6516,80.0,0.01224421,65.63628,65.62077,65.605095,65.58924,65.57321,65.557,65.5406,65.524025,65.507256,65.490295,65.473145,65.4558,65.43826,65.420525,65.40259,65.38445,65.36611,65.347565,65.32881,65.309845,65.290665,65.27127,65.251656,65.23182,65.21176,0.012382567,0.012522571,0.012664124,0.01280722,0.012952045,0.013098456,0.013246372,0.013395935,0.01354748,0.013700396,0.013855115,0.014011472,0.0141697675,0.014329791,0.014491707,0.014655516,0.014820829,0.014988631,0.0151575655,0.015328735,0.0155017525,0.015676975,0.015853867,0.01603274,0.016213425
983,2015-09-05 00:16:23,65.66676,80.0,0.0121073425,65.6516,65.63628,65.62077,65.605095,65.58924,65.57321,65.557,65.5406,65.524025,65.507256,65.490295,65.473145,65.4558,65.43826,65.420525,65.40259,65.38445,65.36611,65.347565,65.32881,65.309845,65.290665,65.27127,65.251656,65.23182,0.01224421,0.012382567,0.012522571,0.012664124,0.01280722,0.012952045,0.013098456,0.013246372,0.013395935,0.01354748,0.013700396,0.013855115,0.014011472,0.0141697675,0.014329791,0.014491707,0.014655516,0.014820829,0.014988631,0.0151575655,0.015328735,0.0155017525,0.015676975,0.015853867,0.01603274
984,2015-09-05 00:16:24,65.681755,80.0,0.01197204,65.66676,65.6516,65.63628,65.62077,65.605095,65.58924,65.57321,65.557,65.5406,65.524025,65.507256,65.490295,65.473145,65.4558,65.43826,65.420525,65.40259,65.38445,65.36611,65.347565,65.32881,65.309845,65.290665,65.27127,65.251656,0.0121073425,0.01224421,0.012382567,0.012522571,0.012664124,0.01280722,0.012952045,0.013098456,0.013246372,0.013395935,0.01354748,0.013700396,0.013855115,0.014011472,0.0141697675,0.014329791,0.014491707,0.014655516,0.014820829,0.014988631,0.0151575655,0.015328735,0.0155017525,0.015676975,0.015853867
985,2015-09-05 00:16:25,65.69658,80.0,0.011838272,65.681755,65.66676,65.6516,65.63628,65.62077,65.605095,65.58924,65.57321,65.557,65.5406,65.524025,65.507256,65.490295,65.473145,65.4558,65.43826,65.420525,65.40259,65.38445,65.36611,65.347565,65.32881,65.309845,65.290665,65.27127,0.01197204,0.0121073425,0.01224421,0.012382567,0.012522571,0.012664124,0.01280722,0.012952045,0.013098456,0.013246372,0.013395935,0.01354748,0.013700396,0.013855115,0.014011472,0.0141697675,0.014329791,0.014491707,0.014655516,0.014820829,0.014988631,0.0151575655,0.015328735,0.0155017525,0.015676975
986,2015-09-05 00:16:26,65.711235,80.0,0.011705771,65.69658,65.681755,65.66676,65.6516,65.63628,65.62077,65.605095,65.58924,65.57321,65.557,65.5406,65.524025,65.507256,65.490295,65.473145,65.4558,65.43826,65.420525,65.40259,65.38445,65.36611,65.347565,65.32881,65.309845,65.290665,0.011838272,0.01197204,0.0121073425,0.01224421,0.012382567,0.012522571,0.012664124,0.01280722,0.012952045,0.013098456,0.013246372,0.013395935,0.01354748,0.013700396,0.013855115,0.014011472,0.0141697675,0.014329791,0.014491707,0.014655516,0.014820829,0.014988631,0.0151575655,0.015328735,0.0155017525
987,2015-09-05 00:16:27,65.72572,80.0,0.011574894,65.711235,65.69658,65.681755,65.66676,65.6516,65.63628,65.62077,65.605095,65.58924,65.57321,65.557,65.5406,65.524025,65.507256,65.490295,65.473145,65.4558,65.43826,65.420525,65.40259,65.38445,65.36611,65.347565,65.32881,65.309845,0.011705771,0.011838272,0.01197204,0.0121073425,0.01224421,0.012382567,0.012522571,0.012664124,0.01280722,0.012952045,0.013098456,0.013246372,0.013395935,0.01354748,0.013700396,0.013855115,0.014011472,0.0141697675,0.014329791,0.014491707,0.014655516,0.014820829,0.014988631,0.0151575655,0.015328735
988,2015-09-05 00:16:28,65.74005,80.0,0.011445664,65.72572,65.711235,65.69658,65.681755,65.66676,65.6516,65.63628,65.62077,65.605095,65.58924,65.57321,65.557,65.5406,65.524025,65.507256,65.490295,65.473145,65.4558,65.43826,65.420525,65.40259,65.38445,65.36611,65.347565,65.32881,0.011574894,0.011705771,0.011838272,0.01197204,0.0121073425,0.01224421,0.012382567,0.012522571,0.012664124,0.01280722,0.012952045,0.013098456,0.013246372,0.013395935,0.01354748,0.013700396,0.013855115,0.014011472,0.0141697675,0.014329791,0.014491707,0.014655516,0.014820829,0.014988631,0.0151575655
989,2015-09-05 00:16:29,65.75422,80.0,0.011317879,65.74005,65.72572,65.711235,65.69658,65.681755,65.66676,65.6516,65.63628,65.62077,65.605095,65.58924,65.57321,65.557,65.5406,65.524025,65.507256,65.490295,65.473145,65.4558,65.43826,65.420525,65.40259,65.38445,65.36611,65.347565,0.011445664,0.011574894,0.011705771,0.011838272,0.01197204,0.0121073425,0.01224421,0.012382567,0.012522571,0.012664124,0.01280722,0.012952045,0.013098456,0.013246372,0.013395935,0.01354748,0.013700396,0.013855115,0.014011472,0.0141697675,0.014329791,0.014491707,0.014655516,0.014820829,0.014988631
990,2015-09-05 00:16:30,65.768234,80.0,0.011191182,65.75422,65.74005,65.72572,65.711235,65.69658,65.681755,65.66676,65.6516,65.63628,65.62077,65.605095,65.58924,65.57321,65.557,65.5406,65.524025,65.507256,65.490295,65.473145,65.4558,65.43826,65.420525,65.40259,65.38445,65.36611,0.011317879,0.011445664,0.011574894,0.011705771,0.011838272,0.01197204,0.0121073425,0.01224421,0.012382567,0.012522571,0.012664124,0.01280722,0.012952045,0.013098456,0.013246372,0.013395935,0.01354748,0.013700396,0.013855115,0.014011472,0.0141697675,0.014329791,0.014491707,0.014655516,0.014820829
991,2015-09-05 00:16:31,65.78209,80.0,0.011066303,65.768234,65.75422,65.74005,65.72572,65.711235,65.69658,65.681755,65.66676,65.6516,65.63628,65.62077,65.605095,65.58924,65.57321,65.557,65.5406,65.524025,65.507256,65.490295,65.473145,65.4558,65.43826,65.420525,65.40259,65.38445,0.011191182,0.011317879,0.011445664,0.011574894,0.011705771,0.011838272,0.01197204,0.0121073425,0.01224421,0.012382567,0.012522571,0.012664124,0.01280722,0.012952045,0.013098456,0.013246372,0.013395935,0.01354748,0.013700396,0.013855115,0.014011472,0.0141697675,0.014329791,0.014491707,0.014655516
992,2015-09-05 00:16:32,65.79579,80.0,0.010942221,65.78209,65.768234,65.75422,65.74005,65.72572,65.711235,65.69658,65.681755,65.66676,65.6516,65.63628,65.62077,65.605095,65.58924,65.57321,65.557,65.5406,65.524025,65.507256,65.490295,65.473145,65.4558,65.43826,65.420525,65.40259,0.011066303,0.011191182,0.011317879,0.011445664,0.011574894,0.011705771,0.011838272,0.01197204,0.0121073425,0.01224421,0.012382567,0.012522571,0.012664124,0.01280722,0.012952045,0.013098456,0.013246372,0.013395935,0.01354748,0.013700396,0.013855115,0.014011472,0.0141697675,0.014329791,0.014491707
993,2015-09-05 00:16:33,65.80934,80.0,0.010820121,65.79579,65.78209,65.768234,65.75422,65.74005,65.72572,65.711235,65.69658,65.681755,65.66676,65.6516,65.63628,65.62077,65.605095,65.58924,65.57321,65.557,65.5406,65.524025,65.507256,65.490295,65.473145,65.4558,65.43826,65.420525,0.010942221,0.011066303,0.011191182,0.011317879,0.011445664,0.011574894,0.011705771,0.011838272,0.01197204,0.0121073425,0.01224421,0.012382567,0.012522571,0.012664124,0.01280722,0.012952045,0.013098456,0.013246372,0.013395935,0.01354748,0.013700396,0.013855115,0.014011472,0.0141697675,0.014329791
994,2015-09-05 00:16:34,65.82274,80.0,0.010699034,65.80934,65.79579,65.78209,65.768234,65.75422,65.74005,65.72572,65.711235,65.69658,65.681755,65.66676,65.6516,65.63628,65.62077,65.605095,65.58924,65.57321,65.557,65.5406,65.524025,65.507256,65.490295,65.473145,65.4558,65.43826,0.010820121,0.010942221,0.011066303,0.011191182,0.011317879,0.011445664,0.011574894,0.011705771,0.011838272,0.01197204,0.0121073425,0.01224421,0.012382567,0.012522571,0.012664124,0.01280722,0.012952045,0.013098456,0.013246372,0.013395935,0.01354748,0.013700396,0.013855115,0.014011472,0.0141697675
995,2015-09-05 00:16:35,65.83598,80.0,0.010579616,65.82274,65.80934,65.79579,65.78209,65.768234,65.75422,65.74005,65.72572,65.711235,65.69658,65.681755,65.66676,65.6516,65.63628,65.62077,65.605095,65.58924,65.57321,65.557,65.5406,65.524025,65.507256,65.490295,65.473145,65.4558,0.010699034,0.010820121,0.010942221,0.011066303,0.011191182,0.011317879,0.011445664,0.011574894,0.011705771,0.011838272,0.01197204,0.0121073425,0.01224421,0.012382567,0.012522571,0.012664124,0.01280722,0.012952045,0.013098456,0.013246372,0.013395935,0.01354748,0.013700396,0.013855115,0.014011472
996,2015-09-05 00:16:36,65.84908,80.0,0.010461271,65.83598,65.82274,65.80934,65.79579,65.78209,65.768234,65.75422,65.74005,65.72572,65.711235,65.69658,65.681755,65.66676,65.6516,65.63628,65.62077,65.605095,65.58924,65.57321,65.557,65.5406,65.524025,65.507256,65.490295,65.473145,0.010579616,0.010699034,0.010820121,0.010942221,0.011066303,0.011191182,0.011317879,0.011445664,0.011574894,0.011705771,0.011838272,0.01197204,0.0121073425,0.01224421,0.012382567,0.012522571,0.012664124,0.01280722,0.012952045,0.013098456,0.013246372,0.013395935,0.01354748,0.013700396,0.013855115
997,2015-09-05 00:16:37,65.86204,80.0,0.010344334,65.84908,65.83598,65.82274,65.80934,65.79579,65.78209,65.768234,65.75422,65.74005,65.72572,65.711235,65.69658,65.681755,65.66676,65.6516,65.63628,65.62077,65.605095,65.58924,65.57321,65.557,65.5406,65.524025,65.507256,65.490295,0.010461271,0.010579616,0.010699034,0.010820121,0.010942221,0.011066303,0.011191182,0.011317879,0.011445664,0.011574894,0.011705771,0.011838272,0.01197204,0.0121073425,0.01224421,0.012382567,0.012522571,0.012664124,0.01280722,0.012952045,0.013098456,0.013246372,0.013395935,0.01354748,0.013700396
998,2015-09-05 00:16:38,65.87485,80.0,0.010228753,65.86204,65.84908,65.83598,65.82274,65.80934,65.79579,65.78209,65.768234,65.75422,65.74005,65.72572,65.711235,65.69658,65.681755,65.66676,65.6516,65.63628,65.62077,65.605095,65.58924,65.57321,65.557,65.5406,65.524025,65.507256,0.010344334,0.010461271,0.010579616,0.010699034,0.010820121,0.010942221,0.011066303,0.011191182,0.011317879,0.011445664,0.011574894,0.011705771,0.011838272,0.01197204,0.0121073425,0.01224421,0.012382567,0.012522571,0.012664124,0.01280722,0.012952045,0.013098456,0.013246372,0.013395935,0.01354748
999,2015-09-05 00:16:39,65.88751,80.0,0.010114193,65.87485,65.86204,65.84908,65.83598,65.82274,65.80934,65.79579,65.78209,65.768234,65.75422,65.74005,65.72572,65.711235,65.69658,65.681755,65.66676,65.6516,65.63628,65.62077,65.605095,65.58924,65.57321,65.557,65.5406,65.524025,0.010228753,0.010344334,0.010461271,0.010579616,0.010699034,0.010820121,0.010942221,0.011066303,0.011191182,0.011317879,0.011445664,0.011574894,0.011705771,0.011838272,0.01197204,0.0121073425,0.01224421,0.012382567,0.012522571,0.012664124,0.01280722,0.012952045,0.013098456,0.013246372,0.013395935
